data/rofental/dem_rofental_50.asc
ncols        320
nrows        300
xllcorner    630800.000000000000
yllcorner    5180500.000000000000
cellsize     50.000000000000
NODATA_value  -9999.00
[rows 145 to 173 of 300, columns 67 to 133 of 320]
3181.85 3185.11 3186.61 3184.28 3184.79 3196.27 3211.03 3221.51 3227.26 3229.84 3230.61 3229.68 3227.18 3222.86 3216.48 3211.77 3212.10 3215.28 3224.68 3238.86 3250.64 3257.65 3261.55 3263.24 3263.87 3265.48 3269.06 3273.79 3278.66 3283.94 3289.26 3293.79 3297.71 3304.76 3324.41 3367.88 3360.30 3328.22 3294.63 3270.93 3252.26 3237.29 3225.08 3214.23 3204.06 3193.15 3180.68 3168.20 3159.00 3152.57 3146.60 3140.70 3134.22 3125.82 3115.75 3106.06 3098.06 3090.66 3082.51 3071.87 3058.84 3046.76 3038.82 3025.92 3003.93 2980.24 2956.37
3185.68 3188.38 3189.91 3190.66 3196.78 3211.81 3224.42 3231.70 3235.63 3236.97 3236.21 3234.06 3230.71 3225.32 3218.76 3214.52 3215.70 3223.60 3239.40 3254.86 3264.77 3269.78 3272.24 3272.65 3271.84 3272.71 3276.48 3281.36 3285.60 3289.88 3294.04 3297.63 3301.26 3310.20 3329.51 3375.09 3383.99 3352.11 3314.29 3283.39 3262.20 3246.90 3234.00 3222.06 3211.66 3201.26 3189.25 3176.77 3166.79 3159.86 3154.13 3149.14 3144.55 3138.98 3130.94 3120.73 3111.20 3103.85 3093.80 3079.66 3064.28 3049.85 3037.54 3017.70 2994.63 2968.61 2942.33
3187.86 3189.10 3193.02 3200.11 3213.08 3227.84 3237.18 3241.97 3244.41 3244.40 3242.14 3238.79 3234.20 3228.13 3223.18 3220.71 3223.99 3236.69 3256.15 3270.70 3278.83 3282.49 3283.65 3283.14 3281.90 3282.59 3285.74 3289.57 3292.65 3295.74 3298.88 3301.67 3305.46 3315.53 3334.48 3373.32 3407.55 3384.32 3351.65 3316.37 3282.87 3260.93 3246.14 3232.21 3219.67 3208.51 3196.98 3184.95 3174.68 3167.68 3162.42 3157.88 3154.06 3150.56 3146.03 3139.69 3137.05 3135.11 3119.46 3098.26 3072.94 3052.64 3038.51 3021.09 2997.43 2964.93 2935.37
3187.49 3188.86 3197.71 3212.53 3229.10 3241.00 3247.30 3250.90 3251.98 3250.41 3246.84 3242.05 3236.57 3232.26 3229.56 3230.00 3238.32 3254.69 3272.00 3283.77 3290.49 3293.34 3293.55 3292.06 3290.55 3290.96 3293.38 3296.36 3299.06 3301.61 3304.09 3306.67 3310.80 3320.90 3339.11 3369.31 3409.40 3393.70 3366.93 3342.93 3319.06 3299.02 3278.12 3254.29 3232.09 3216.40 3203.96 3192.71 3182.39 3175.64 3172.12 3169.55 3167.20 3165.59 3164.40 3168.23 3182.70 3169.21 3136.34 3107.62 3081.85 3060.75 3044.50 3028.15 3007.41 2978.59 2950.75
3184.89 3188.95 3203.97 3224.77 3239.72 3248.09 3252.88 3255.59 3256.33 3254.13 3249.32 3242.46 3238.61 3236.53 3236.48 3242.29 3256.98 3272.77 3284.73 3293.60 3299.85 3302.44 3302.13 3299.88 3297.75 3297.44 3299.10 3301.86 3304.62 3307.06 3309.43 3311.85 3315.48 3324.61 3342.50 3364.55 3363.68 3339.61 3321.05 3304.93 3295.43 3295.31 3291.47 3282.39 3266.57 3244.20 3220.62 3202.41 3191.25 3184.88 3182.27 3183.19 3184.69 3186.39 3190.66 3211.15 3222.58 3181.39 3138.88 3114.15 3095.52 3072.10 3050.60 3032.27 3012.20 2989.74 2965.28
3182.55 3189.07 3210.49 3233.52 3244.60 3251.06 3255.29 3258.57 3259.82 3257.41 3249.72 3241.57 3240.40 3240.47 3245.30 3258.12 3273.87 3285.50 3294.17 3301.65 3306.88 3309.00 3308.35 3306.14 3304.16 3303.17 3303.96 3306.65 3309.46 3312.04 3314.61 3316.68 3318.78 3324.26 3339.83 3345.81 3327.17 3304.73 3286.02 3271.23 3262.51 3257.39 3256.12 3257.06 3260.92 3258.49 3249.39 3230.52 3211.65 3204.08 3199.31 3198.64 3202.75 3209.75 3218.53 3225.82 3216.42 3185.41 3143.88 3116.53 3096.39 3077.14 3058.62 3039.92 3018.14 2995.07 2971.83
3181.78 3189.39 3214.50 3239.35 3249.11 3255.23 3260.74 3264.30 3264.71 3260.15 3247.90 3241.45 3242.33 3246.47 3257.61 3274.65 3287.26 3294.84 3301.68 3308.02 3312.11 3313.70 3313.00 3310.89 3308.82 3307.79 3308.39 3310.77 3313.91 3317.10 3320.22 3322.93 3325.28 3326.07 3326.46 3323.58 3315.49 3293.07 3270.73 3252.50 3239.78 3232.75 3229.32 3225.51 3220.09 3216.49 3214.60 3211.83 3215.46 3224.67 3230.48 3228.56 3224.81 3226.30 3213.52 3190.42 3175.82 3169.36 3157.11 3130.50 3102.80 3087.38 3072.09 3051.67 3028.19 3003.95 2977.32
3184.07 3191.76 3216.29 3250.68 3260.29 3265.33 3269.52 3271.55 3269.76 3260.47 3247.75 3244.39 3248.60 3257.21 3272.26 3288.24 3298.35 3304.38 3309.35 3313.88 3316.71 3317.56 3316.50 3314.27 3311.91 3310.83 3311.97 3314.76 3318.46 3322.65 3327.24 3334.55 3342.95 3338.22 3315.82 3302.32 3294.99 3278.16 3256.84 3237.33 3223.24 3215.50 3211.24 3207.97 3204.87 3199.86 3192.69 3184.64 3186.43 3198.76 3213.73 3218.22 3206.36 3199.48 3187.01 3165.57 3151.58 3142.35 3139.71 3123.39 3100.64 3089.07 3079.70 3066.13 3044.66 3021.80 2997.42
3190.43 3201.53 3231.24 3266.88 3273.08 3275.42 3277.34 3277.22 3272.44 3261.59 3253.47 3254.40 3263.31 3273.92 3287.02 3299.52 3307.71 3312.86 3316.83 3320.00 3321.75 3321.69 3320.07 3317.40 3314.57 3313.36 3315.29 3319.31 3324.37 3330.38 3339.67 3357.30 3367.20 3340.51 3299.21 3278.44 3267.50 3254.87 3239.18 3222.39 3210.54 3203.55 3199.07 3196.11 3195.15 3194.44 3185.14 3169.11 3160.32 3168.19 3176.30 3163.91 3152.39 3155.97 3165.39 3154.93 3139.86 3130.52 3117.91 3095.23 3074.95 3065.37 3064.90 3064.37 3061.03 3047.08 3030.20
3205.07 3232.71 3265.47 3280.38 3283.21 3283.47 3282.89 3280.41 3274.13 3268.32 3266.68 3272.91 3283.65 3292.10 3300.06 3308.24 3314.96 3320.17 3323.78 3326.13 3327.02 3326.37 3324.43 3321.55 3318.77 3318.17 3320.99 3326.96 3336.90 3348.26 3363.52 3374.70 3360.72 3325.60 3289.01 3261.70 3247.72 3236.79 3224.02 3210.97 3201.50 3194.95 3190.06 3186.26 3185.99 3183.08 3175.98 3159.00 3137.82 3130.73 3126.32 3111.93 3100.62 3105.56 3124.12 3125.57 3111.92 3099.22 3083.28 3063.95 3051.38 3045.22 3046.64 3048.23 3047.54 3042.63 3036.03
3242.60 3277.89 3286.31 3289.21 3290.99 3290.31 3287.63 3282.99 3278.83 3280.84 3286.76 3295.51 3303.40 3308.42 3312.07 3316.47 3321.69 3326.16 3329.35 3331.16 3331.65 3330.96 3329.15 3326.30 3323.41 3324.06 3330.53 3341.04 3357.63 3376.76 3387.06 3365.65 3337.49 3304.10 3267.83 3246.65 3236.58 3229.16 3218.58 3206.82 3196.97 3189.58 3183.74 3177.98 3171.85 3168.73 3168.31 3159.46 3139.04 3122.27 3110.39 3088.40 3066.85 3061.91 3077.63 3081.34 3073.37 3064.26 3054.18 3041.26 3033.15 3023.96 3014.54 3012.97 3016.35 3014.73 3009.57
3290.29 3300.88 3296.06 3296.51 3297.71 3297.15 3293.31 3287.51 3287.97 3296.62 3306.42 3313.73 3318.73 3321.63 3323.28 3325.66 3328.82 3332.19 3334.43 3335.36 3335.36 3334.76 3333.23 3329.99 3327.70 3334.77 3348.28 3364.56 3384.23 3402.65 3382.94 3339.23 3315.33 3283.70 3252.66 3240.02 3233.18 3226.54 3216.87 3205.50 3195.13 3187.00 3180.28 3173.09 3163.95 3154.06 3146.37 3140.01 3127.24 3111.32 3095.35 3062.35 3043.00 3037.28 3051.11 3051.89 3044.35 3034.29 3021.79 3009.52 3003.92 2998.47 2986.70 2978.48 2983.30 2984.23 2977.63
3317.46 3309.49 3303.29 3303.35 3304.30 3303.81 3300.16 3296.95 3301.60 3311.35 3319.85 3325.60 3328.82 3330.70 3331.76 3333.60 3335.84 3337.90 3339.09 3339.21 3338.62 3337.85 3336.72 3335.33 3340.81 3357.81 3375.92 3391.21 3402.44 3391.10 3343.66 3310.01 3287.88 3264.76 3244.70 3233.28 3226.40 3220.17 3211.91 3202.13 3192.61 3184.33 3176.40 3168.10 3158.57 3147.16 3133.74 3119.36 3106.05 3088.32 3065.28 3034.77 3023.64 3020.27 3032.52 3033.95 3026.14 3010.69 2992.36 2974.64 2960.99 2954.55 2947.73 2941.96 2947.97 2950.55 2944.22
3332.72 3314.88 3309.09 3309.12 3310.07 3309.60 3308.22 3309.34 3315.73 3322.72 3328.68 3332.89 3335.36 3337.28 3338.77 3340.33 3341.96 3343.02 3343.26 3342.66 3341.46 3340.36 3340.77 3347.11 3366.05 3388.82 3401.26 3401.41 3380.01 3347.27 3314.50 3289.71 3270.48 3254.01 3237.96 3224.13 3216.44 3210.64 3203.63 3194.91 3185.94 3177.07 3167.87 3158.77 3150.12 3139.88 3125.49 3105.58 3086.23 3063.99 3039.48 3016.40 3006.96 3003.83 3014.58 3015.96 3007.49 2991.37 2974.14 2956.57 2939.33 2927.32 2915.42 2907.01 2903.83 2894.84 2882.44
3341.06 3319.85 3314.09 3313.99 3314.68 3315.10 3316.60 3320.40 3326.29 3330.97 3334.42 3337.30 3339.39 3341.40 3343.22 3344.82 3346.24 3347.06 3346.97 3346.03 3344.44 3343.09 3346.41 3361.59 3390.56 3410.93 3406.67 3374.94 3339.62 3316.56 3293.56 3272.36 3252.90 3235.88 3221.39 3214.12 3207.24 3200.33 3193.27 3184.61 3174.40 3163.14 3152.35 3143.85 3137.13 3128.92 3116.09 3099.69 3080.77 3056.21 3024.26 2996.98 2986.11 2986.86 2993.06 2992.78 2983.14 2968.40 2950.75 2932.02 2916.83 2905.59 2894.31 2883.30 2872.33 2857.80 2841.80
3348.82 3325.61 3319.11 3317.80 3318.06 3319.63 3323.25 3328.53 3333.73 3337.45 3339.58 3341.21 3342.71 3344.24 3346.04 3347.88 3349.41 3350.26 3350.32 3349.78 3348.53 3347.52 3353.05 3375.00 3415.71 3423.53 3385.95 3346.69 3316.60 3290.34 3266.07 3244.34 3225.61 3208.17 3191.66 3185.21 3180.17 3176.94 3175.76 3171.32 3160.95 3144.82 3132.42 3125.86 3123.03 3117.79 3106.23 3089.88 3067.71 3033.59 2998.71 2969.63 2961.99 2970.82 2971.86 2963.17 2950.22 2931.92 2911.88 2899.25 2888.70 2880.59 2871.82 2860.22 2845.78 2827.72 2811.58
3350.44 3329.25 3324.05 3321.62 3321.33 3323.97 3329.01 3334.46 3338.79 3341.78 3343.74 3345.18 3346.49 3347.64 3348.98 3350.60 3352.09 3353.03 3353.47 3353.94 3354.51 3354.98 3360.89 3386.41 3423.60 3421.99 3374.65 3334.30 3303.26 3274.75 3248.76 3226.04 3207.60 3190.89 3173.24 3157.22 3145.90 3143.08 3141.83 3138.20 3134.67 3120.25 3102.83 3095.23 3097.22 3088.71 3075.97 3061.32 3028.68 2997.10 2980.51 2961.12 2951.90 2955.12 2957.13 2947.80 2928.56 2907.85 2885.84 2871.06 2859.77 2847.77 2837.22 2828.23 2813.98 2801.39 2790.94
3346.87 3332.28 3328.76 3328.07 3329.71 3333.96 3339.61 3344.04 3346.39 3347.63 3348.23 3348.90 3349.90 3350.80 3351.74 3353.03 3354.42 3355.49 3356.39 3358.16 3361.28 3364.63 3372.43 3398.44 3409.49 3407.84 3377.95 3340.31 3303.77 3269.09 3236.40 3211.67 3193.04 3176.58 3161.06 3145.87 3133.88 3127.18 3119.37 3111.73 3102.93 3096.26 3082.76 3066.98 3055.39 3044.15 3031.13 3013.92 2987.68 2970.70 2961.21 2953.09 2937.61 2935.07 2934.33 2922.13 2903.50 2884.51 2867.47 2854.11 2840.05 2822.88 2811.01 2805.88 2798.69 2789.48 2777.69
3329.76 3334.10 3333.63 3335.78 3339.88 3345.29 3350.79 3354.08 3355.34 3355.92 3355.58 3354.69 3353.82 3353.58 3353.84 3354.70 3356.06 3357.49 3359.01 3362.03 3367.64 3373.81 3376.56 3369.82 3366.38 3384.25 3374.68 3345.51 3309.54 3269.41 3229.32 3200.24 3180.96 3166.02 3152.40 3138.33 3116.63 3094.83 3081.79 3070.46 3062.41 3055.70 3055.36 3047.84 3018.01 3001.69 2988.63 2975.44 2961.48 2947.91 2936.79 2930.67 2919.06 2908.02 2903.91 2891.50 2877.99 2865.18 2852.69 2838.51 2818.78 2800.26 2793.97 2790.52 2784.41 2775.50 2762.84
3322.78 3332.71 3338.38 3343.08 3348.57 3354.55 3359.81 3362.55 3363.50 3363.55 3362.84 3361.41 3359.18 3356.79 3355.18 3354.95 3356.09 3358.14 3360.55 3364.99 3375.93 3370.93 3343.93 3322.59 3325.76 3341.31 3339.35 3323.25 3297.54 3263.12 3225.80 3195.76 3168.91 3149.65 3128.21 3098.86 3074.94 3052.66 3040.30 3031.21 3022.89 3016.75 3011.04 3001.26 2987.00 2979.65 2963.74 2949.32 2938.00 2925.20 2914.22 2905.65 2896.48 2882.40 2872.98 2861.78 2848.27 2838.09 2828.20 2807.80 2788.27 2781.86 2779.34 2773.18 2764.16 2751.81 2736.30
3322.93 3331.40 3340.50 3348.52 3355.27 3362.02 3367.45 3370.32 3371.08 3370.23 3368.56 3366.64 3364.11 3360.48 3356.46 3354.11 3354.16 3356.52 3358.69 3363.58 3376.97 3339.88 3292.44 3272.52 3296.25 3302.96 3288.03 3280.16 3261.81 3239.35 3211.50 3180.86 3147.32 3129.80 3112.21 3078.04 3044.76 3026.86 3016.16 3005.64 2995.05 2988.22 2980.63 2968.34 2959.35 2954.95 2942.52 2927.93 2915.45 2903.11 2892.48 2884.16 2874.93 2861.53 2847.09 2832.30 2819.29 2807.74 2795.64 2778.50 2766.70 2760.82 2754.22 2745.70 2735.13 2721.76 2705.79
3325.56 3333.24 3341.71 3352.13 3360.61 3368.49 3374.38 3377.18 3377.92 3377.00 3375.78 3374.14 3370.09 3364.80 3358.73 3353.94 3352.36 3353.51 3351.33 3340.93 3328.73 3292.63 3245.88 3227.43 3253.92 3265.54 3243.62 3230.93 3215.14 3188.32 3166.99 3134.05 3099.05 3084.87 3071.81 3044.72 3016.63 3002.23 2991.31 2982.58 2972.07 2962.81 2955.09 2943.36 2934.98 2929.50 2920.93 2908.85 2897.05 2885.22 2875.74 2867.69 2859.41 2844.49 2826.12 2807.49 2794.16 2780.90 2767.79 2755.86 2748.08 2740.82 2726.35 2715.49 2705.45 2690.69 2674.21
3329.74 3336.68 3343.73 3353.61 3364.22 3373.72 3380.00 3382.70 3383.41 3385.41 3390.96 3392.09 3383.14 3371.17 3360.64 3352.10 3346.38 3329.67 3313.24 3284.60 3253.99 3223.48 3194.09 3186.07 3198.23 3214.88 3200.24 3182.84 3172.80 3151.65 3123.58 3091.90 3063.51 3047.19 3029.59 3005.38 2984.40 2973.23 2962.15 2956.20 2951.96 2944.20 2936.29 2924.90 2916.53 2907.49 2899.00 2891.47 2883.99 2876.81 2870.27 2858.75 2840.37 2819.14 2800.56 2788.54 2778.75 2767.60 2757.03 2746.71 2734.96 2721.08 2701.99 2679.70 2671.23 2655.53 2637.18
3333.86 3339.67 3345.59 3353.64 3364.63 3376.41 3385.88 3393.44 3401.26 3414.62 3425.39 3421.85 3406.09 3383.13 3355.52 3324.44 3293.78 3256.89 3232.45 3212.39 3192.05 3164.60 3150.94 3151.55 3148.18 3154.09 3151.42 3130.54 3113.62 3104.28 3081.40 3055.11 3035.64 3019.00 3002.51 2986.79 2971.84 2959.00 2950.31 2944.86 2937.81 2930.18 2922.26 2911.81 2900.29 2890.55 2884.28 2879.51 2874.47 2867.01 2855.69 2842.42 2822.14 2799.94 2784.98 2775.72 2767.62 2754.23 2741.41 2732.65 2718.14 2689.26 2673.09 2652.88 2634.92 2619.32 2598.90
3336.82 3341.43 3346.68 3353.47 3363.49 3379.20 3405.73 3427.72 3443.06 3453.45 3453.24 3444.45 3417.99 3368.14 3318.77 3279.38 3243.22 3211.39 3189.07 3167.97 3149.11 3134.08 3128.39 3124.88 3116.38 3106.42 3098.46 3087.25 3072.95 3056.93 3041.94 3028.79 3016.21 3002.10 2991.17 2983.03 2972.33 2961.37 2953.20 2943.42 2931.66 2919.36 2908.57 2898.89 2888.65 2880.51 2874.39 2866.77 2859.63 2850.35 2837.43 2823.47 2806.50 2787.13 2769.51 2756.18 2754.05 2738.46 2713.78 2702.39 2691.30 2668.02 2639.93 2621.13 2600.73 2584.62 2564.45
3338.61 3341.93 3346.91 3353.69 3362.90 3377.32 3413.70 3459.31 3464.23 3443.26 3415.64 3403.67 3386.06 3334.43 3270.55 3224.22 3204.95 3192.51 3177.14 3160.87 3143.61 3127.72 3117.52 3110.34 3102.21 3091.11 3078.88 3067.44 3054.55 3039.02 3026.92 3018.09 3008.26 2996.75 2987.07 2980.00 2972.88 2964.76 2956.48 2945.00 2928.39 2913.57 2901.87 2892.38 2878.75 2865.89 2854.86 2845.46 2837.74 2829.51 2818.82 2803.85 2785.12 2765.21 2743.58 2729.58 2732.28 2718.97 2689.91 2674.34 2655.95 2638.87 2614.34 2589.75 2569.63 2549.52 2527.75
3339.10 3342.18 3347.70 3354.87 3363.32 3377.00 3409.41 3449.28 3425.84 3395.59 3374.07 3351.58 3342.22 3298.91 3237.28 3212.84 3201.93 3187.22 3170.78 3156.62 3140.85 3124.59 3111.89 3102.92 3094.78 3086.05 3075.84 3063.41 3047.65 3029.27 3017.57 3011.14 3002.64 2994.60 2986.60 2976.19 2968.16 2961.02 2953.61 2942.33 2926.75 2911.95 2900.09 2890.76 2877.69 2859.17 2846.69 2836.88 2828.38 2815.95 2801.11 2791.00 2775.71 2752.90 2724.44 2702.85 2701.08 2691.03 2668.86 2641.08 2624.59 2603.74 2582.65 2560.18 2539.43 2518.29 2496.42
3340.28 3344.78 3350.78 3357.66 3365.30 3379.34 3411.42 3418.63 3389.03 3363.36 3350.66 3329.93 3299.88 3264.10 3235.38 3217.21 3202.43 3184.94 3166.90 3151.57 3135.93 3120.96 3109.40 3099.20 3087.48 3078.67 3068.62 3053.46 3033.87 3015.79 3008.25 3005.18 2999.58 2989.92 2979.95 2974.02 2967.12 2959.50 2951.66 2941.20 2929.92 2920.09 2907.21 2893.08 2875.72 2860.33 2850.06 2841.10 2828.40 2809.55 2784.82 2765.12 2753.72 2736.45 2711.06 2684.30 2669.48 2656.52 2636.08 2611.42 2591.54 2572.10 2550.75 2529.53 2509.57 2489.96 2473.46
3347.37 3352.25 3356.40 3361.72 3368.46 3382.63 3417.93 3406.33 3370.30 3339.40 3323.14 3308.17 3283.72 3257.34 3235.68 3219.71 3204.42 3185.33 3165.20 3146.44 3131.28 3118.84 3108.56 3095.04 3078.33 3066.94 3054.55 3037.29 3018.82 3003.92 2994.78 2990.18 2986.14 2977.00 2967.33 2964.71 2962.64 2960.51 2956.10 2947.17 2934.08 2919.07 2898.54 2881.10 2868.42 2856.31 2845.37 2832.86 2816.26 2796.19 2769.83 2741.75 2717.92 2704.73 2688.14 2663.99 2641.53 2623.63 2604.37 2582.30 2559.89 2541.39 2523.54 2507.29 2488.89 2471.52 2460.06
