data/rofental/dem_rofental_50.asc
ncols        320
nrows        300
xllcorner    630800.000000000000
yllcorner    5180500.000000000000
cellsize     50.000000000000
NODATA_value  -9999.00
[rows 261 to 289 of 300, columns 0 to 66 of 320]
2927.22 2947.55 2964.68 2981.19 2996.74 3009.34 3019.99 3031.01 3043.10 3054.90 3064.78 3072.56 3080.43 3089.90 3100.55 3112.33 3124.65 3137.14 3149.70 3160.25 3168.67 3176.53 3185.01 3197.81 3215.96 3239.16 3267.14 3256.74 3218.44 3190.93 3167.25 3141.87 3115.16 3089.31 3069.37 3054.52 3041.11 3029.47 3022.76 3014.74 3003.39 2994.14 2984.60 2976.15 2955.79 2926.88 2908.70 2905.15 2900.95 2896.89 2884.64 2877.29 2878.89 2875.79 2876.19 2865.72 2853.56 2847.29 2847.59 2856.65 2863.29 2870.60 2883.76 2902.03 2910.18 2911.85 2920.49
2929.45 2948.24 2963.75 2979.56 2997.01 3010.89 3023.92 3038.44 3051.81 3062.19 3069.89 3075.98 3082.08 3089.76 3099.54 3110.09 3120.32 3130.78 3141.50 3151.94 3161.86 3172.42 3184.20 3198.49 3217.37 3242.97 3274.33 3257.99 3214.94 3185.89 3163.81 3140.64 3117.38 3090.45 3068.92 3053.04 3039.07 3025.47 3014.33 3006.97 2999.21 2989.79 2976.43 2963.82 2948.54 2923.64 2901.54 2892.32 2890.78 2889.44 2875.33 2856.20 2852.48 2851.54 2846.00 2836.20 2830.06 2825.08 2823.15 2827.04 2830.19 2833.87 2845.15 2861.19 2869.28 2874.05 2884.58
2935.17 2947.31 2960.81 2976.94 2997.02 3012.76 3027.50 3043.74 3056.92 3066.07 3073.15 3079.10 3084.69 3091.16 3100.48 3111.65 3122.82 3133.51 3143.11 3152.17 3162.36 3174.92 3189.11 3204.48 3224.16 3254.33 3267.17 3227.90 3192.79 3173.50 3155.52 3135.84 3112.78 3088.88 3068.33 3051.53 3037.17 3023.89 3010.79 2998.01 2986.24 2975.43 2964.70 2953.72 2939.99 2918.67 2897.88 2883.19 2877.23 2867.58 2852.75 2840.01 2832.81 2830.36 2823.41 2814.11 2812.22 2805.27 2797.80 2794.97 2797.17 2802.33 2809.72 2822.03 2833.21 2840.35 2855.21
2931.17 2942.92 2959.35 2981.75 3001.48 3015.49 3031.40 3049.05 3062.72 3070.56 3075.60 3082.44 3089.51 3095.74 3104.02 3115.50 3127.03 3137.74 3147.31 3156.49 3167.80 3182.69 3198.65 3215.05 3233.01 3255.16 3236.16 3194.91 3173.57 3158.68 3144.03 3128.06 3109.22 3089.12 3068.77 3050.22 3035.04 3022.34 3010.08 2997.15 2983.19 2968.79 2955.33 2946.12 2939.39 2927.16 2900.55 2876.52 2858.53 2841.18 2826.99 2818.68 2813.09 2808.71 2801.26 2793.22 2790.70 2780.91 2768.97 2762.14 2763.74 2771.30 2780.61 2789.80 2800.57 2808.87 2822.62
2926.31 2941.58 2962.30 2984.73 3002.83 3019.64 3037.46 3055.20 3068.62 3075.83 3079.89 3087.96 3097.52 3105.03 3111.87 3121.80 3131.98 3141.64 3151.96 3163.28 3177.55 3194.14 3210.70 3226.72 3243.82 3264.00 3238.20 3189.80 3163.54 3147.36 3133.24 3119.27 3104.71 3088.04 3070.61 3052.19 3035.03 3022.09 3010.34 2998.29 2985.20 2970.58 2955.13 2942.09 2934.64 2925.39 2904.60 2873.42 2842.03 2820.18 2806.56 2797.35 2790.99 2787.65 2782.84 2776.61 2769.95 2759.24 2747.17 2737.74 2734.35 2739.18 2747.84 2756.07 2764.94 2773.14 2781.60
2919.53 2940.94 2968.50 2995.47 3015.76 3032.57 3048.47 3064.13 3076.45 3083.45 3089.15 3097.27 3107.05 3115.18 3122.92 3131.65 3139.52 3147.95 3159.66 3174.13 3190.26 3207.03 3223.46 3238.91 3261.01 3283.96 3248.09 3195.78 3164.93 3145.68 3129.63 3113.33 3100.09 3087.01 3073.79 3059.29 3041.82 3026.07 3012.40 3000.00 2987.79 2973.77 2958.12 2942.94 2929.61 2913.29 2895.46 2870.74 2835.85 2814.74 2800.97 2790.10 2780.81 2774.28 2769.09 2763.42 2755.44 2745.65 2734.04 2722.62 2715.07 2712.36 2712.66 2716.17 2723.12 2733.60 2743.88
2914.28 2938.56 2976.67 3017.38 3044.84 3065.82 3077.64 3085.41 3093.08 3099.20 3105.38 3112.24 3121.32 3130.22 3138.68 3146.72 3153.68 3161.87 3173.72 3189.66 3206.74 3224.06 3241.43 3260.47 3288.84 3306.05 3266.02 3214.68 3178.35 3151.07 3126.89 3109.19 3098.08 3088.01 3077.50 3066.30 3051.78 3034.12 3017.41 3003.66 2991.33 2977.44 2961.67 2946.18 2931.41 2913.76 2890.01 2866.66 2837.71 2816.49 2801.57 2790.00 2780.49 2772.31 2764.89 2757.26 2747.17 2736.70 2725.86 2713.44 2700.08 2690.72 2683.78 2681.88 2685.46 2695.26 2707.23
2912.23 2931.94 2964.90 3003.09 3039.49 3079.14 3110.50 3117.75 3119.81 3123.68 3129.21 3138.95 3153.21 3159.72 3162.04 3167.33 3173.79 3181.87 3195.47 3214.52 3233.05 3252.91 3273.51 3293.78 3321.72 3332.76 3296.93 3250.34 3210.32 3167.05 3130.72 3112.50 3101.55 3092.59 3082.96 3071.54 3058.59 3041.60 3024.01 3009.10 2995.55 2981.54 2965.50 2950.14 2934.53 2916.68 2897.57 2874.40 2847.84 2825.99 2809.75 2797.73 2789.51 2782.56 2775.26 2767.22 2755.73 2739.54 2721.09 2704.24 2687.69 2674.59 2664.88 2659.84 2659.34 2664.11 2673.59
2920.62 2939.62 2966.80 2998.66 3030.78 3069.90 3123.48 3153.43 3153.47 3155.40 3162.95 3179.96 3200.97 3203.18 3195.22 3195.93 3200.85 3209.72 3224.53 3245.16 3269.68 3295.13 3317.06 3336.96 3354.71 3337.27 3289.45 3241.41 3201.48 3166.31 3143.29 3125.18 3112.16 3100.98 3090.95 3075.55 3061.89 3047.30 3030.46 3015.04 2999.57 2984.90 2969.64 2953.83 2937.41 2920.71 2905.24 2889.02 2864.91 2842.47 2825.93 2808.25 2798.31 2791.85 2785.19 2777.46 2767.20 2751.15 2727.35 2712.03 2695.56 2675.35 2657.76 2647.90 2644.64 2643.95 2645.67
2934.66 2953.98 2978.42 3006.87 3035.97 3075.86 3131.17 3179.09 3195.86 3193.56 3204.09 3226.66 3239.12 3241.60 3234.21 3229.41 3230.91 3238.63 3255.09 3280.90 3312.61 3333.95 3336.47 3347.49 3358.11 3325.36 3270.66 3226.63 3197.64 3177.65 3161.05 3145.60 3133.25 3118.72 3103.97 3083.44 3067.25 3054.36 3038.26 3021.11 3003.65 2987.34 2972.59 2957.10 2940.14 2925.02 2912.36 2899.93 2881.44 2852.74 2828.95 2811.62 2803.61 2797.94 2791.14 2783.67 2770.56 2745.37 2722.74 2710.06 2699.64 2686.72 2666.00 2647.53 2636.53 2630.27 2626.62
2955.18 2973.41 2996.99 3022.69 3051.15 3091.90 3141.10 3186.20 3224.86 3234.03 3244.15 3262.26 3260.85 3255.56 3248.95 3247.75 3253.06 3262.85 3276.96 3296.14 3317.27 3316.72 3295.88 3299.48 3310.89 3302.39 3262.51 3228.51 3206.61 3191.24 3178.04 3164.86 3152.03 3136.64 3118.80 3097.57 3080.22 3065.36 3047.94 3028.82 3009.94 2991.86 2975.34 2959.46 2942.63 2926.49 2911.98 2899.35 2885.16 2859.77 2835.24 2819.99 2815.74 2815.12 2807.65 2802.15 2781.84 2748.82 2724.75 2707.75 2695.78 2684.78 2670.70 2656.14 2641.48 2626.44 2615.56
2982.77 2997.77 3019.72 3047.04 3077.54 3118.30 3160.34 3198.91 3234.78 3252.43 3265.81 3266.33 3239.64 3215.78 3194.43 3201.69 3232.03 3256.07 3256.77 3259.17 3270.19 3264.08 3249.85 3256.70 3263.74 3268.97 3252.24 3228.14 3213.55 3200.35 3187.58 3175.59 3164.66 3150.92 3132.29 3111.52 3093.15 3075.66 3057.04 3037.09 3017.72 2999.06 2980.93 2962.84 2945.13 2928.45 2912.40 2897.81 2884.99 2870.98 2858.69 2840.80 2830.57 2827.95 2824.60 2824.84 2806.44 2775.68 2742.38 2715.24 2701.41 2690.81 2681.20 2672.33 2659.32 2638.16 2616.07
3021.37 3032.31 3052.81 3082.75 3111.72 3149.11 3194.52 3215.35 3214.39 3217.00 3235.58 3241.04 3209.04 3179.45 3158.08 3155.00 3179.83 3216.81 3226.00 3227.84 3224.24 3207.76 3203.87 3211.00 3215.13 3224.58 3236.21 3235.43 3224.85 3211.52 3195.30 3181.94 3174.20 3164.18 3146.56 3125.57 3106.64 3087.41 3066.96 3046.04 3026.59 3008.30 2989.81 2970.61 2951.32 2934.77 2920.60 2903.49 2890.57 2882.43 2874.53 2860.45 2845.68 2839.70 2838.64 2844.77 2834.27 2804.95 2771.41 2737.49 2717.12 2704.16 2695.97 2686.99 2674.12 2651.59 2624.87
3062.68 3078.73 3092.94 3117.23 3146.77 3177.86 3208.81 3195.07 3173.63 3169.51 3188.42 3206.48 3178.68 3147.48 3130.97 3126.76 3135.49 3166.31 3196.41 3199.97 3190.28 3175.72 3175.81 3182.32 3191.50 3202.59 3226.32 3260.61 3254.45 3238.79 3220.64 3204.91 3197.20 3190.28 3176.34 3152.46 3127.10 3102.79 3079.35 3057.98 3039.22 3022.45 3005.00 2986.77 2969.94 2952.79 2936.77 2917.53 2900.80 2889.91 2880.46 2871.72 2863.04 2861.44 2861.30 2860.89 2854.97 2833.92 2806.99 2776.13 2748.94 2727.34 2711.35 2699.00 2684.64 2665.65 2641.38
3079.18 3106.96 3126.00 3151.21 3178.31 3201.49 3199.01 3166.31 3137.90 3129.97 3145.12 3175.75 3154.05 3126.35 3111.07 3107.78 3107.01 3116.69 3153.19 3164.03 3157.81 3155.22 3159.82 3168.66 3180.35 3194.78 3225.43 3279.24 3293.60 3277.56 3259.12 3241.05 3231.17 3225.50 3210.01 3180.43 3152.00 3123.41 3096.52 3073.68 3055.33 3040.34 3025.30 3009.51 2995.96 2975.24 2949.12 2921.14 2899.85 2890.56 2883.15 2876.15 2875.78 2882.76 2882.77 2878.88 2871.55 2860.72 2840.62 2812.01 2783.73 2752.43 2725.20 2714.88 2702.76 2685.79 2671.22
3095.67 3118.88 3134.01 3155.37 3167.98 3177.90 3174.90 3149.46 3122.85 3110.90 3115.14 3144.65 3146.53 3122.89 3103.41 3092.04 3087.77 3088.14 3109.80 3124.56 3133.22 3141.11 3147.61 3158.37 3173.29 3192.62 3226.82 3282.48 3326.52 3325.26 3302.55 3279.79 3269.00 3262.77 3242.53 3211.91 3180.33 3148.40 3119.69 3095.13 3075.61 3064.54 3052.64 3041.10 3032.64 3006.52 2966.29 2932.14 2908.23 2893.79 2887.29 2886.61 2890.44 2892.62 2888.04 2881.41 2872.99 2863.51 2851.31 2830.44 2805.58 2769.67 2736.55 2727.92 2724.91 2716.87 2704.49
3115.46 3131.86 3134.56 3126.67 3125.59 3135.54 3145.57 3141.15 3120.93 3104.80 3093.89 3109.67 3134.12 3126.05 3097.34 3077.55 3070.09 3069.58 3086.76 3109.07 3122.14 3129.32 3136.50 3149.10 3167.30 3196.99 3242.36 3291.25 3339.42 3370.30 3355.01 3325.15 3311.52 3298.94 3268.74 3231.74 3196.32 3166.41 3139.89 3113.68 3093.87 3078.98 3063.39 3055.35 3045.95 3026.15 2993.80 2955.37 2931.69 2915.47 2907.06 2903.90 2903.84 2898.15 2885.61 2874.73 2867.63 2865.46 2860.02 2842.29 2817.17 2792.59 2775.06 2763.99 2755.67 2748.43 2729.24
3131.00 3129.48 3109.26 3088.72 3086.79 3092.63 3106.27 3120.34 3106.86 3092.24 3080.26 3087.22 3113.09 3108.32 3080.84 3064.72 3055.72 3056.74 3072.14 3097.62 3109.54 3117.75 3127.04 3142.18 3167.57 3211.58 3262.24 3314.21 3359.43 3401.67 3412.76 3382.47 3350.30 3310.18 3268.62 3226.59 3189.65 3158.80 3123.52 3093.06 3067.31 3041.26 3025.95 3019.05 3006.01 2995.18 2988.41 2967.74 2957.98 2941.21 2924.15 2911.39 2905.87 2890.19 2877.50 2871.13 2868.29 2868.83 2865.44 2848.73 2823.70 2810.81 2805.73 2795.93 2781.33 2768.71 2743.99
3130.66 3105.04 3081.08 3061.05 3055.82 3055.47 3061.29 3082.00 3086.27 3075.75 3068.49 3074.68 3093.53 3080.11 3058.32 3048.25 3042.80 3048.25 3059.57 3077.16 3094.44 3107.03 3119.78 3137.80 3173.81 3222.21 3273.98 3331.95 3382.32 3424.39 3429.73 3399.33 3361.15 3320.13 3279.87 3230.62 3187.28 3153.23 3116.26 3074.28 3036.13 3005.89 2986.79 2973.43 2962.78 2954.83 2948.61 2934.64 2935.78 2939.00 2924.10 2915.52 2915.82 2902.62 2889.31 2870.58 2860.74 2858.69 2854.26 2848.55 2825.40 2816.08 2818.30 2806.20 2785.31 2771.06 2744.52
3120.07 3088.21 3065.78 3044.04 3033.43 3029.77 3025.32 3037.06 3063.76 3058.18 3050.54 3056.77 3077.17 3067.02 3042.98 3031.79 3032.81 3042.70 3052.20 3066.07 3082.20 3097.04 3113.13 3135.28 3175.07 3235.12 3283.58 3348.01 3400.84 3431.72 3406.56 3370.91 3336.32 3304.03 3264.75 3220.13 3176.36 3140.34 3108.08 3064.71 3021.13 2988.73 2961.97 2937.74 2922.51 2915.04 2906.63 2893.83 2889.57 2891.95 2885.45 2878.65 2890.83 2897.52 2878.57 2841.13 2819.84 2812.50 2811.21 2813.29 2804.95 2805.15 2808.12 2795.13 2776.16 2762.54 2748.86
3103.30 3077.24 3055.49 3038.94 3023.89 3010.57 2999.80 3003.26 3025.36 3035.74 3034.13 3036.22 3062.00 3055.38 3028.60 3020.37 3027.50 3034.59 3045.20 3059.09 3074.37 3090.32 3109.41 3138.08 3185.39 3253.26 3310.51 3376.32 3412.01 3426.32 3399.24 3359.43 3321.75 3282.85 3243.78 3198.18 3154.78 3114.92 3080.30 3047.42 3005.12 2968.84 2942.93 2916.92 2893.84 2881.84 2871.22 2858.54 2851.39 2848.22 2841.33 2841.09 2844.68 2851.43 2835.14 2800.53 2774.91 2761.68 2761.73 2765.89 2766.96 2771.10 2770.89 2763.62 2754.82 2747.24 2741.62
3065.70 3060.34 3049.92 3043.24 3029.79 3006.64 2987.67 2978.21 2982.42 2997.12 3010.54 3009.26 3020.74 3016.87 3004.07 3008.11 3016.02 3024.49 3037.82 3053.57 3070.25 3088.99 3113.85 3153.24 3205.94 3269.52 3326.27 3362.43 3381.87 3400.84 3401.67 3361.77 3315.30 3268.49 3225.37 3183.94 3144.10 3105.58 3066.21 3029.35 2992.00 2957.78 2928.27 2900.32 2877.89 2862.26 2849.33 2838.39 2832.53 2830.57 2826.45 2819.88 2811.73 2810.33 2796.62 2763.04 2736.74 2721.63 2714.82 2715.41 2725.67 2727.93 2725.68 2718.20 2709.12 2698.84 2689.83
3027.98 3032.51 3029.11 3032.27 3027.43 3004.56 2980.40 2959.35 2957.19 2965.77 2976.67 2978.83 2984.11 2985.29 2984.42 2993.34 3002.34 3014.77 3030.32 3048.47 3068.15 3091.02 3126.60 3172.36 3220.91 3274.07 3321.90 3341.09 3348.06 3360.33 3379.76 3387.59 3351.75 3294.69 3246.64 3196.28 3147.38 3104.02 3062.95 3021.44 2984.38 2952.57 2921.57 2893.38 2872.46 2856.65 2843.99 2833.67 2828.12 2825.64 2823.50 2814.16 2795.61 2779.34 2765.15 2738.01 2711.40 2694.23 2684.62 2681.24 2684.92 2685.55 2680.52 2670.66 2658.13 2650.39 2643.60
2992.60 2993.93 2985.95 2984.87 2992.75 2986.13 2963.70 2946.08 2954.27 2955.51 2955.99 2956.23 2960.36 2967.65 2974.73 2981.64 2992.69 3007.04 3024.40 3041.79 3067.80 3105.31 3151.43 3198.29 3248.25 3295.94 3324.78 3322.15 3317.39 3320.50 3335.86 3354.61 3345.58 3319.80 3269.85 3215.86 3165.66 3110.73 3058.66 3014.35 2978.16 2947.88 2919.24 2890.55 2871.26 2857.29 2846.37 2836.74 2828.30 2820.51 2814.38 2806.28 2789.22 2764.93 2747.79 2725.93 2700.46 2679.93 2666.69 2659.03 2654.70 2651.03 2643.23 2630.37 2616.03 2604.58 2598.76
2954.95 2953.79 2945.33 2941.61 2945.91 2942.48 2931.28 2935.26 2951.87 2949.60 2946.92 2948.36 2953.78 2963.20 2968.42 2974.31 2986.17 3002.65 3019.53 3040.77 3079.13 3128.28 3171.67 3221.31 3272.10 3314.76 3315.12 3301.46 3292.87 3289.27 3293.18 3300.79 3288.29 3286.14 3264.51 3229.07 3187.47 3139.22 3092.00 3038.26 2987.57 2946.21 2915.04 2890.28 2877.59 2867.54 2854.52 2845.60 2835.10 2821.88 2808.95 2797.15 2780.56 2760.09 2748.81 2732.14 2706.64 2677.75 2657.85 2645.30 2634.67 2624.33 2614.83 2602.05 2586.30 2571.79 2562.67
2911.47 2916.13 2909.51 2907.44 2907.36 2907.22 2910.08 2928.02 2944.79 2939.49 2940.96 2947.28 2952.33 2959.23 2960.17 2967.68 2980.73 2996.02 3012.30 3047.44 3097.93 3135.49 3181.50 3238.94 3297.88 3309.63 3297.96 3285.17 3273.00 3264.75 3260.62 3253.31 3242.84 3231.08 3219.24 3215.22 3202.40 3157.10 3113.25 3059.68 2997.92 2952.84 2916.92 2893.41 2878.65 2863.57 2842.34 2826.43 2815.63 2804.72 2792.47 2779.60 2762.83 2754.46 2752.36 2737.81 2710.57 2679.45 2651.26 2633.01 2622.02 2608.89 2596.92 2582.67 2566.97 2554.37 2542.07
2870.82 2880.61 2877.74 2879.67 2885.63 2895.28 2903.25 2920.10 2936.87 2929.40 2932.00 2937.35 2941.72 2946.48 2950.67 2960.81 2975.23 2990.53 3010.92 3050.75 3103.64 3143.66 3186.13 3235.59 3294.93 3293.39 3281.50 3271.86 3257.50 3245.05 3236.45 3227.26 3217.86 3202.48 3185.70 3176.58 3177.42 3148.39 3103.53 3050.41 3002.13 2963.95 2929.51 2901.65 2881.08 2861.43 2836.56 2815.20 2798.28 2785.14 2773.36 2764.86 2751.49 2749.06 2743.27 2714.94 2685.17 2659.74 2639.92 2626.20 2614.99 2600.18 2586.91 2573.67 2561.12 2551.69 2540.32
2838.38 2847.28 2851.48 2858.32 2870.67 2881.72 2891.76 2912.85 2923.87 2916.15 2918.17 2920.93 2927.75 2934.84 2942.81 2956.12 2970.78 2986.60 3012.89 3061.94 3114.37 3160.74 3200.83 3243.18 3278.29 3266.12 3249.11 3245.59 3234.37 3229.48 3222.03 3212.36 3206.36 3193.79 3170.21 3149.96 3134.83 3125.93 3100.32 3053.37 3014.20 2983.26 2955.01 2925.96 2898.25 2875.07 2850.93 2825.71 2797.99 2776.11 2765.90 2756.23 2741.62 2742.71 2725.62 2692.95 2665.58 2644.28 2631.81 2623.91 2613.14 2594.64 2577.12 2564.51 2556.78 2550.59 2536.85
2813.00 2818.72 2830.42 2845.15 2859.26 2868.17 2882.36 2901.40 2901.89 2905.51 2905.50 2908.36 2917.74 2923.99 2934.52 2948.92 2964.82 2981.40 3019.23 3071.66 3128.62 3192.08 3238.42 3275.81 3267.44 3232.06 3214.33 3205.47 3196.56 3201.53 3210.13 3205.09 3199.04 3186.49 3160.31 3131.38 3115.70 3106.65 3103.77 3072.45 3045.15 3019.34 2998.19 2965.06 2927.73 2897.88 2869.92 2843.01 2802.69 2767.44 2752.99 2744.95 2729.11 2722.23 2704.11 2674.63 2650.86 2635.42 2625.04 2617.16 2605.79 2588.39 2571.40 2555.83 2546.74 2541.99 2535.71
