data/rofental/dem_rofental_50.asc
ncols        320
nrows        300
xllcorner    630800.000000000000
yllcorner    5180500.000000000000
cellsize     50.000000000000
NODATA_value  -9999.00
[rows 203 to 231 of 300, columns 201 to 267 of 320]
2995.93 3026.54 3061.05 3081.97 3090.04 3111.93 3145.74 3178.14 3197.94 3201.21 3193.86 3186.96 3206.38 3249.15 3256.50 3248.86 3249.71 3245.72 3240.48 3224.56 3200.53 3177.14 3159.58 3150.39 3147.16 3139.03 3124.38 3109.30 3083.91 3058.22 3047.32 3035.89 3024.10 3012.86 2996.21 2985.78 2981.98 2969.98 2953.58 2941.06 2929.55 2920.95 2919.62 2918.44 2917.59 2915.75 2906.92 2901.07 2903.27 2896.23 2875.67 2852.17 2840.15 2838.52 2826.68 2808.27 2789.13 2769.67 2751.11 2728.42 2703.07 2678.06 2653.23 2630.88 2606.40 2578.20 2549.23
2991.45 3011.74 3043.78 3067.24 3066.78 3081.52 3113.52 3147.65 3183.54 3211.70 3223.16 3235.88 3260.40 3288.59 3301.94 3293.79 3293.02 3284.75 3253.77 3213.09 3186.44 3168.55 3150.49 3134.88 3126.40 3116.70 3107.96 3098.93 3084.57 3069.35 3057.50 3044.45 3022.45 3004.21 2988.56 2980.21 2973.34 2961.83 2944.58 2930.20 2923.40 2917.61 2914.19 2905.78 2900.38 2899.51 2895.99 2891.69 2884.94 2877.53 2856.91 2833.18 2816.53 2811.94 2800.45 2782.55 2765.96 2749.58 2731.56 2709.50 2687.63 2665.49 2642.06 2619.27 2597.32 2570.90 2536.81
2999.63 3005.51 3026.18 3054.41 3061.92 3068.18 3086.59 3113.43 3151.44 3199.85 3244.76 3286.37 3317.65 3343.12 3348.67 3338.27 3326.32 3290.91 3245.08 3205.84 3178.85 3160.66 3141.08 3123.04 3108.63 3100.84 3097.56 3091.51 3081.66 3068.23 3048.18 3031.53 3007.71 2989.19 2977.50 2968.97 2957.20 2944.30 2931.12 2918.40 2913.61 2908.69 2897.34 2887.93 2885.76 2886.62 2884.74 2876.24 2859.94 2856.82 2842.36 2822.08 2802.65 2791.84 2779.39 2761.58 2746.97 2730.50 2710.39 2689.82 2670.08 2647.38 2623.97 2602.28 2580.14 2556.24 2524.11
3010.67 3015.39 3027.65 3047.97 3063.86 3068.82 3076.94 3095.11 3122.52 3164.11 3213.08 3265.81 3308.73 3342.51 3371.97 3372.80 3337.90 3287.85 3244.70 3210.44 3179.53 3154.74 3134.96 3119.44 3108.27 3096.63 3083.96 3074.09 3058.41 3045.83 3031.41 3016.97 2996.38 2980.56 2973.63 2963.90 2951.32 2936.84 2925.73 2916.70 2907.69 2893.50 2884.60 2879.20 2876.35 2875.69 2868.45 2860.24 2844.07 2830.44 2823.43 2809.19 2790.80 2774.85 2759.49 2744.15 2727.96 2709.28 2688.64 2668.99 2650.01 2627.59 2604.33 2578.94 2552.83 2528.40 2502.18
3022.83 3027.73 3034.96 3045.10 3061.79 3075.38 3084.17 3096.36 3114.89 3140.81 3172.37 3216.41 3264.95 3304.62 3349.17 3372.88 3337.42 3288.45 3251.95 3218.66 3180.39 3154.78 3137.48 3120.11 3103.86 3083.34 3062.67 3051.48 3040.32 3029.46 3017.48 3004.51 2988.74 2975.74 2969.83 2957.75 2950.06 2930.81 2915.84 2906.61 2888.91 2876.56 2868.86 2866.39 2866.33 2866.19 2852.93 2839.37 2826.96 2808.91 2795.05 2787.86 2770.37 2754.51 2737.67 2721.30 2703.90 2683.43 2662.88 2642.75 2622.72 2600.92 2584.79 2563.86 2537.82 2510.61 2483.60
3034.38 3039.16 3045.39 3053.25 3065.57 3081.37 3093.75 3104.31 3119.36 3138.25 3160.99 3188.48 3224.39 3267.23 3312.25 3347.61 3340.66 3300.13 3264.21 3225.11 3186.51 3160.75 3137.23 3110.59 3088.63 3065.05 3044.14 3029.13 3018.52 3009.64 3001.34 2995.58 2985.36 2968.72 2954.23 2943.58 2937.65 2919.86 2906.39 2899.40 2878.38 2864.54 2853.22 2844.93 2846.88 2844.19 2831.30 2816.20 2801.73 2786.68 2765.14 2758.02 2745.69 2730.59 2713.92 2695.94 2675.23 2654.54 2639.87 2623.32 2602.59 2581.75 2563.83 2548.37 2527.02 2502.75 2479.23
3043.94 3048.45 3050.69 3057.22 3069.69 3085.73 3100.95 3113.38 3126.33 3142.42 3162.19 3185.25 3211.67 3241.96 3283.54 3330.15 3347.94 3321.12 3279.93 3236.35 3197.77 3165.85 3135.75 3108.62 3083.02 3056.03 3032.66 3012.00 2996.21 2986.45 2978.85 2971.32 2964.18 2955.18 2942.89 2928.23 2920.35 2909.16 2899.00 2886.40 2863.32 2847.50 2838.13 2824.25 2820.00 2816.59 2804.95 2791.19 2775.71 2761.43 2744.19 2728.69 2718.72 2702.75 2684.75 2666.48 2649.68 2634.14 2623.55 2610.91 2594.09 2573.81 2550.24 2526.57 2505.51 2490.21 2473.25
3051.28 3055.76 3053.82 3056.86 3072.46 3092.48 3109.52 3121.55 3133.25 3148.30 3167.06 3188.03 3211.85 3240.36 3278.34 3321.00 3332.88 3311.24 3282.91 3246.29 3210.86 3173.07 3133.58 3106.92 3083.18 3059.06 3037.89 3006.71 2978.04 2961.76 2950.65 2943.21 2939.76 2936.46 2928.56 2913.82 2903.78 2897.69 2888.05 2870.25 2844.12 2828.29 2819.38 2807.05 2797.00 2791.92 2779.01 2765.17 2750.12 2736.29 2721.97 2702.18 2689.33 2675.28 2658.33 2645.06 2633.24 2621.82 2610.14 2595.65 2580.47 2565.18 2544.18 2521.98 2495.34 2468.54 2446.88
3057.80 3062.44 3062.57 3064.20 3079.97 3102.21 3120.14 3131.33 3141.75 3155.98 3173.95 3193.76 3218.22 3253.94 3292.53 3317.15 3306.52 3283.55 3263.04 3234.91 3198.40 3160.84 3124.17 3098.17 3078.89 3058.37 3029.04 2993.87 2970.73 2948.77 2930.42 2923.89 2921.94 2915.74 2903.93 2892.93 2886.70 2877.01 2867.01 2856.34 2833.98 2817.08 2805.18 2790.03 2772.63 2763.25 2752.50 2740.86 2729.83 2717.45 2702.18 2679.41 2662.24 2652.28 2639.25 2629.56 2618.76 2605.70 2593.22 2578.23 2562.24 2547.12 2529.43 2508.13 2484.77 2457.31 2427.85
3066.99 3071.54 3072.63 3074.71 3092.04 3115.01 3131.32 3142.29 3151.77 3165.26 3182.71 3202.58 3231.36 3276.03 3304.46 3293.41 3272.69 3253.81 3230.03 3206.04 3172.87 3140.59 3109.53 3080.63 3057.49 3032.57 3002.03 2977.16 2957.77 2938.37 2922.11 2912.61 2904.99 2894.51 2885.44 2879.01 2873.18 2860.12 2845.81 2832.93 2816.40 2800.55 2785.67 2768.14 2751.33 2736.24 2723.97 2713.78 2708.19 2698.39 2682.34 2662.91 2640.95 2630.31 2621.30 2611.73 2600.93 2586.73 2573.48 2559.59 2545.20 2529.94 2515.20 2498.01 2476.25 2453.97 2426.33
3077.20 3081.56 3083.16 3087.25 3101.08 3124.07 3142.08 3154.99 3165.99 3179.41 3196.42 3215.81 3248.08 3291.98 3289.02 3260.56 3237.01 3216.98 3193.81 3171.94 3146.06 3121.89 3094.16 3068.68 3043.47 3017.98 2996.17 2978.41 2961.39 2941.29 2925.52 2909.81 2894.51 2879.01 2872.72 2870.58 2862.03 2842.42 2824.25 2809.45 2795.90 2779.77 2762.25 2745.81 2732.30 2716.08 2699.25 2687.94 2681.43 2675.30 2662.36 2645.44 2628.82 2609.58 2600.00 2591.27 2579.91 2566.96 2554.73 2542.85 2531.78 2518.62 2505.11 2490.96 2476.36 2458.16 2442.74
3087.61 3092.10 3095.75 3101.73 3115.10 3135.36 3155.22 3172.78 3185.12 3196.88 3211.58 3228.75 3264.04 3294.20 3262.72 3228.75 3205.72 3191.07 3178.21 3161.45 3135.88 3108.11 3087.11 3066.20 3043.42 3020.00 2998.59 2978.61 2956.16 2932.72 2916.25 2902.54 2888.42 2867.85 2855.96 2854.84 2845.04 2826.28 2807.53 2792.46 2777.87 2759.51 2741.71 2727.56 2715.60 2699.49 2683.72 2672.40 2663.95 2655.99 2645.41 2629.30 2613.60 2597.77 2582.76 2573.11 2562.80 2551.68 2541.35 2531.31 2520.30 2509.30 2498.96 2487.20 2475.79 2461.88 2457.79
3100.50 3107.64 3114.06 3120.11 3134.36 3157.58 3175.44 3192.07 3201.49 3210.17 3222.03 3236.39 3263.74 3278.54 3244.37 3207.54 3187.31 3174.26 3165.95 3150.31 3122.93 3099.62 3082.70 3067.52 3047.76 3026.28 3003.87 2981.92 2958.12 2931.29 2909.56 2894.02 2876.46 2856.25 2838.50 2830.21 2822.21 2807.46 2790.31 2773.72 2757.16 2741.23 2727.40 2715.05 2702.81 2688.28 2674.08 2662.60 2653.55 2645.94 2635.05 2617.58 2598.46 2581.77 2569.76 2559.79 2549.91 2540.11 2530.62 2520.20 2507.14 2492.45 2482.44 2475.19 2470.52 2469.16 2464.88
3116.36 3125.12 3134.41 3142.46 3154.86 3174.63 3192.14 3204.76 3212.42 3219.85 3230.71 3241.64 3262.38 3253.72 3218.45 3192.58 3171.34 3154.81 3140.03 3123.63 3108.68 3094.94 3083.03 3070.48 3054.54 3031.33 3009.33 2987.71 2966.93 2938.14 2915.12 2894.78 2873.57 2855.03 2832.56 2810.92 2800.26 2790.39 2776.23 2756.61 2739.76 2727.35 2715.88 2704.38 2691.90 2678.88 2665.17 2653.81 2643.66 2634.75 2623.81 2604.49 2584.01 2568.77 2557.75 2548.40 2540.74 2531.02 2520.61 2508.08 2496.94 2489.88 2487.33 2485.80 2488.12 2488.88 2476.47
3137.32 3142.79 3154.46 3164.07 3173.73 3188.07 3203.66 3214.95 3222.02 3229.28 3240.03 3246.41 3257.15 3227.66 3198.82 3181.94 3162.27 3141.25 3122.03 3110.21 3102.44 3089.69 3077.56 3066.97 3047.56 3026.90 3007.51 2983.08 2959.72 2937.10 2920.43 2896.39 2869.38 2846.43 2819.72 2799.72 2782.99 2767.31 2754.28 2737.35 2724.19 2714.96 2703.87 2692.80 2679.65 2666.23 2654.20 2643.81 2633.47 2621.11 2607.84 2589.30 2572.66 2560.38 2549.49 2539.02 2530.77 2522.64 2513.00 2506.53 2507.29 2506.48 2505.15 2510.17 2516.71 2510.58 2492.07
3171.66 3166.01 3171.55 3176.24 3185.84 3200.32 3214.50 3225.48 3232.89 3240.58 3251.23 3256.50 3247.42 3210.98 3185.04 3167.47 3150.55 3129.22 3108.99 3097.83 3093.41 3084.18 3074.16 3054.44 3030.37 3014.66 2994.71 2972.50 2952.05 2934.34 2917.83 2889.76 2864.94 2839.54 2810.73 2793.56 2778.34 2756.52 2735.20 2721.33 2710.35 2701.39 2690.86 2678.84 2664.90 2651.93 2640.86 2629.00 2616.74 2604.19 2587.47 2572.51 2560.07 2549.85 2539.47 2530.12 2522.22 2517.92 2515.87 2518.37 2521.69 2524.29 2527.54 2540.33 2545.19 2531.12 2509.64
3179.10 3185.35 3188.71 3189.11 3205.24 3220.27 3234.02 3243.43 3249.77 3257.01 3266.51 3261.48 3224.28 3195.25 3173.99 3154.73 3137.20 3119.53 3102.67 3087.91 3076.28 3069.26 3054.35 3034.94 3014.31 2989.00 2968.10 2956.33 2944.27 2929.69 2906.79 2879.92 2858.12 2831.23 2807.28 2792.29 2771.65 2743.38 2720.21 2707.03 2696.32 2687.01 2677.58 2664.94 2649.83 2635.89 2622.98 2609.74 2597.45 2584.35 2571.37 2560.06 2549.01 2538.58 2530.93 2526.73 2526.08 2526.82 2527.72 2532.95 2540.31 2547.45 2554.13 2565.75 2567.20 2552.97 2531.58
3164.24 3176.92 3195.44 3222.62 3247.04 3257.52 3265.22 3273.20 3277.04 3283.24 3289.07 3251.92 3208.83 3187.05 3167.31 3146.13 3131.32 3115.20 3095.64 3077.72 3060.47 3048.78 3029.49 3010.80 2989.64 2967.54 2945.89 2933.38 2925.44 2909.01 2886.46 2864.27 2844.92 2820.33 2798.60 2779.73 2754.72 2726.96 2706.51 2694.40 2682.58 2673.35 2664.41 2651.88 2635.65 2620.02 2604.37 2591.02 2580.13 2569.26 2559.56 2550.83 2541.93 2537.01 2534.73 2534.15 2535.98 2539.23 2546.42 2556.92 2570.00 2580.34 2585.21 2594.08 2596.09 2581.45 2554.25
3135.08 3148.55 3166.80 3196.64 3237.12 3273.43 3294.40 3309.96 3317.29 3320.81 3297.86 3237.81 3204.68 3179.95 3156.17 3137.40 3123.13 3110.27 3095.48 3076.67 3054.46 3033.18 3011.42 2990.14 2965.82 2943.93 2927.51 2914.72 2900.28 2883.35 2864.57 2847.38 2832.72 2811.58 2786.24 2761.05 2734.96 2711.58 2696.48 2682.95 2669.46 2659.72 2652.66 2640.25 2623.26 2604.84 2588.61 2575.92 2566.33 2557.99 2552.10 2546.55 2542.45 2543.06 2543.43 2546.28 2552.88 2561.72 2573.38 2590.18 2603.54 2612.34 2620.04 2630.92 2630.95 2605.19 2575.28
3112.71 3130.90 3152.00 3175.20 3205.62 3246.70 3278.68 3298.12 3315.35 3328.19 3290.90 3237.59 3198.64 3173.24 3154.01 3138.79 3124.62 3111.55 3094.72 3075.86 3048.33 3022.15 2996.75 2972.34 2950.50 2931.22 2914.36 2901.36 2884.32 2867.24 2852.52 2840.71 2825.07 2800.12 2770.95 2741.55 2716.00 2698.27 2684.92 2671.64 2659.97 2647.83 2638.73 2626.20 2609.14 2589.88 2574.41 2564.50 2558.42 2554.79 2554.43 2552.57 2552.04 2557.31 2561.32 2569.19 2579.28 2588.67 2605.57 2624.52 2636.84 2645.67 2658.61 2667.79 2665.23 2633.82 2598.43
3114.73 3129.28 3147.69 3168.57 3190.37 3215.22 3240.67 3260.80 3278.63 3300.43 3282.81 3239.73 3201.10 3177.33 3161.12 3149.84 3140.82 3123.68 3096.25 3074.45 3043.80 3012.44 2983.50 2958.59 2939.79 2922.36 2904.97 2889.77 2874.63 2860.89 2849.17 2833.86 2810.31 2780.68 2751.51 2722.38 2701.16 2686.08 2673.26 2661.56 2651.00 2637.60 2621.96 2609.22 2592.53 2577.15 2568.15 2563.82 2559.77 2560.54 2568.28 2574.08 2573.91 2578.96 2585.80 2595.87 2607.75 2619.58 2640.09 2658.82 2671.90 2689.37 2698.90 2702.32 2688.17 2656.10 2614.80
3116.94 3130.67 3147.96 3166.01 3186.19 3207.68 3228.04 3246.48 3263.08 3281.23 3274.09 3240.75 3212.20 3188.78 3168.13 3155.04 3145.24 3127.45 3100.87 3071.43 3040.21 3007.75 2973.10 2949.56 2932.93 2917.03 2896.44 2876.32 2864.71 2853.03 2836.63 2814.98 2787.73 2759.85 2732.86 2707.86 2690.31 2676.82 2663.71 2650.44 2636.59 2621.94 2607.17 2593.37 2581.28 2573.33 2568.46 2565.94 2567.80 2579.83 2591.07 2600.07 2599.97 2604.14 2613.90 2625.09 2639.39 2657.13 2681.27 2701.60 2714.44 2732.76 2735.43 2726.32 2701.28 2664.89 2623.49
3121.68 3135.28 3154.16 3167.70 3185.01 3206.35 3226.94 3245.04 3260.13 3268.54 3251.48 3227.23 3210.97 3195.93 3175.60 3153.87 3129.85 3101.38 3079.85 3058.92 3032.75 2998.87 2964.82 2941.17 2924.65 2910.07 2887.57 2866.33 2858.01 2844.03 2821.61 2797.18 2770.36 2743.66 2719.12 2699.56 2683.17 2668.21 2650.82 2632.84 2617.97 2605.24 2592.60 2583.18 2577.56 2573.72 2570.45 2570.09 2585.84 2602.41 2614.83 2623.80 2626.83 2634.22 2648.39 2666.31 2691.22 2708.26 2721.83 2741.93 2754.36 2768.02 2756.89 2733.71 2706.79 2672.20 2629.93
3128.09 3139.03 3153.76 3168.37 3186.04 3207.07 3228.33 3248.02 3264.73 3258.93 3225.69 3193.92 3173.51 3158.08 3150.54 3135.49 3109.58 3085.53 3068.96 3048.03 3019.53 2991.23 2964.37 2938.59 2917.08 2898.60 2876.87 2864.88 2856.40 2836.76 2807.91 2779.05 2752.52 2728.49 2708.78 2689.78 2671.54 2653.01 2633.68 2617.65 2604.37 2593.30 2585.19 2580.09 2577.52 2575.78 2576.22 2582.72 2600.66 2620.53 2637.23 2650.71 2658.55 2669.98 2691.49 2720.02 2742.93 2746.18 2756.68 2772.76 2787.26 2781.43 2759.18 2734.55 2708.35 2676.47 2632.59
3135.16 3144.70 3156.18 3171.20 3189.41 3209.97 3232.29 3256.58 3271.03 3241.45 3202.49 3169.69 3140.19 3115.60 3108.92 3110.17 3099.00 3085.75 3069.33 3047.70 3026.15 3001.89 2975.73 2948.80 2928.32 2908.53 2882.96 2865.25 2847.97 2820.79 2790.65 2765.13 2737.03 2710.75 2691.42 2674.13 2654.47 2636.03 2619.84 2606.61 2596.94 2589.39 2583.98 2581.77 2582.22 2584.14 2592.40 2603.44 2619.21 2642.28 2663.63 2680.70 2695.23 2714.87 2738.84 2766.12 2777.22 2778.45 2780.59 2791.36 2787.15 2770.23 2752.84 2726.43 2702.20 2667.42 2628.45
3142.73 3152.19 3163.16 3176.66 3193.26 3213.65 3239.52 3267.69 3261.41 3222.46 3183.09 3148.05 3117.95 3094.63 3085.79 3089.04 3082.52 3076.01 3064.81 3046.41 3026.44 3007.03 2981.99 2956.21 2934.94 2913.90 2879.54 2851.85 2829.32 2802.23 2775.29 2750.75 2724.61 2700.13 2679.05 2659.07 2641.19 2625.06 2611.32 2600.87 2593.83 2588.27 2585.87 2587.89 2594.28 2602.83 2615.37 2626.40 2641.69 2671.57 2696.42 2713.58 2729.68 2755.96 2784.65 2808.71 2811.92 2803.65 2803.66 2805.42 2786.38 2764.56 2740.80 2713.56 2686.07 2648.38 2616.40
3150.03 3159.47 3169.87 3182.08 3197.49 3219.40 3249.21 3258.90 3235.54 3198.13 3161.52 3126.64 3096.86 3078.84 3071.73 3068.89 3055.70 3041.70 3036.56 3026.75 3012.76 2993.38 2967.53 2943.01 2921.36 2900.50 2868.43 2841.32 2813.12 2784.02 2759.17 2736.39 2712.58 2690.87 2670.82 2649.94 2634.04 2620.34 2608.32 2600.11 2593.77 2590.16 2591.78 2599.17 2611.07 2624.15 2637.68 2652.53 2675.64 2711.53 2736.41 2748.42 2763.52 2786.53 2822.91 2841.48 2829.82 2820.63 2821.05 2813.04 2787.37 2757.57 2714.96 2682.21 2655.19 2622.06 2586.03
3156.42 3166.13 3176.91 3188.91 3206.15 3224.04 3226.13 3222.84 3204.76 3176.44 3143.27 3110.98 3080.86 3063.83 3053.65 3047.28 3039.33 3025.51 3013.26 3000.64 2992.27 2975.78 2951.70 2924.93 2898.54 2877.84 2855.52 2828.11 2795.86 2768.83 2744.30 2720.31 2698.06 2677.27 2658.04 2641.09 2626.87 2615.82 2607.08 2600.40 2595.69 2596.12 2602.20 2614.45 2630.80 2648.25 2666.17 2683.08 2710.09 2749.18 2778.94 2791.96 2804.99 2824.84 2849.02 2852.04 2831.60 2823.65 2820.60 2805.17 2775.83 2735.12 2688.56 2653.36 2620.61 2587.74 2551.70
3166.78 3177.14 3188.62 3202.61 3218.03 3200.76 3178.97 3175.50 3170.44 3158.12 3133.06 3106.59 3078.82 3056.01 3040.38 3029.46 3021.28 3009.06 2995.01 2979.32 2965.32 2947.47 2925.98 2902.52 2882.23 2863.17 2840.24 2811.78 2783.63 2756.21 2729.05 2705.03 2682.67 2663.35 2647.89 2634.12 2622.26 2614.40 2608.51 2602.67 2601.29 2605.34 2615.99 2632.78 2654.74 2675.77 2703.40 2721.20 2738.58 2772.58 2811.53 2834.85 2845.95 2859.27 2861.60 2846.95 2821.70 2810.82 2800.44 2778.58 2746.62 2708.94 2670.89 2635.03 2600.85 2565.18 2530.74
