data/rofental/dem_rofental_50.asc
ncols        320
nrows        300
xllcorner    630800.000000000000
yllcorner    5180500.000000000000
cellsize     50.000000000000
NODATA_value  -9999.00
[rows 261 to 289 of 300, columns 67 to 133 of 320]
2925.92 2932.19 2941.37 2941.11 2937.61 2945.55 2958.35 2966.34 2964.74 2962.19 2959.46 2963.24 2979.50 2981.12 2964.58 2944.97 2921.85 2899.21 2884.77 2874.81 2867.42 2865.13 2865.00 2856.25 2837.46 2829.39 2824.10 2825.20 2827.95 2829.17 2823.37 2812.79 2807.69 2795.70 2780.06 2759.26 2732.98 2701.45 2665.24 2633.51 2608.83 2591.80 2594.52 2617.63 2640.16 2654.28 2668.10 2685.25 2714.84 2743.73 2768.39 2776.69 2775.93 2771.07 2763.69 2754.08 2748.67 2747.74 2748.06 2753.37 2763.34 2769.55 2775.70 2785.20 2796.64 2805.55 2806.96
2890.21 2899.80 2910.57 2912.07 2911.70 2919.87 2929.65 2936.12 2936.80 2936.17 2937.45 2944.77 2958.20 2959.48 2949.44 2933.25 2912.70 2890.56 2879.67 2868.92 2858.77 2848.47 2846.77 2843.88 2827.18 2814.16 2798.06 2798.50 2809.77 2813.53 2811.52 2803.46 2794.09 2783.62 2773.73 2759.91 2736.07 2703.18 2660.91 2621.97 2595.74 2579.02 2582.40 2600.13 2621.79 2639.96 2660.05 2689.24 2731.62 2761.02 2782.33 2787.31 2781.42 2771.45 2759.54 2750.45 2749.79 2748.59 2747.76 2749.39 2758.27 2770.59 2781.47 2795.91 2807.28 2814.26 2820.22
2856.64 2866.15 2879.13 2882.53 2886.10 2901.19 2913.25 2915.47 2915.65 2920.58 2925.51 2933.78 2940.70 2939.32 2940.70 2928.64 2910.13 2886.61 2868.08 2857.48 2847.84 2836.60 2831.32 2827.28 2818.22 2805.63 2783.64 2775.06 2786.82 2801.49 2802.93 2792.77 2766.79 2751.33 2743.03 2736.91 2720.68 2691.49 2657.54 2615.79 2584.30 2568.11 2573.70 2592.45 2613.18 2639.08 2676.51 2707.52 2737.30 2757.36 2774.26 2773.08 2768.56 2761.89 2754.80 2751.46 2751.11 2748.96 2747.78 2751.83 2761.99 2774.92 2790.17 2807.86 2819.35 2826.99 2833.37
2818.60 2830.65 2852.26 2861.34 2861.89 2875.03 2890.80 2896.67 2896.46 2905.66 2916.32 2918.42 2917.82 2916.17 2917.48 2915.09 2901.21 2873.25 2841.17 2829.80 2825.39 2822.21 2819.92 2816.01 2811.81 2801.19 2773.81 2753.66 2754.78 2770.04 2769.18 2761.49 2741.17 2726.45 2719.18 2712.87 2696.84 2673.08 2647.46 2609.55 2571.78 2557.16 2565.33 2582.33 2611.03 2656.98 2702.10 2729.27 2740.51 2749.54 2769.49 2765.65 2757.86 2752.30 2751.15 2748.40 2746.91 2747.64 2748.23 2757.77 2770.03 2778.52 2795.46 2814.25 2829.51 2842.55 2851.38
2782.91 2798.85 2822.31 2835.88 2837.33 2850.48 2862.77 2869.81 2877.34 2887.35 2902.66 2904.79 2902.68 2901.33 2900.86 2892.95 2883.50 2851.20 2819.64 2811.16 2811.39 2811.42 2808.65 2804.22 2804.88 2791.13 2762.11 2738.05 2729.22 2727.25 2724.92 2723.07 2716.78 2705.02 2696.99 2688.70 2672.53 2651.28 2629.41 2594.65 2560.58 2545.58 2555.55 2577.66 2616.55 2678.60 2713.73 2717.96 2719.77 2728.68 2752.88 2754.78 2750.33 2749.58 2747.22 2745.52 2748.06 2750.09 2753.30 2758.62 2769.60 2782.67 2801.99 2827.20 2844.82 2864.58 2874.48
2750.42 2761.26 2785.19 2794.46 2802.44 2819.83 2829.51 2831.92 2848.64 2863.61 2879.83 2892.33 2892.13 2891.81 2887.86 2878.77 2870.18 2841.78 2810.54 2800.98 2802.35 2802.59 2799.07 2794.13 2799.18 2789.02 2761.22 2730.24 2710.93 2701.02 2695.54 2695.67 2688.35 2676.84 2669.45 2661.03 2647.09 2629.17 2610.32 2579.87 2547.45 2533.60 2547.63 2573.41 2616.66 2683.16 2704.55 2711.91 2708.90 2706.00 2726.22 2734.53 2735.21 2740.14 2748.47 2756.76 2763.05 2765.39 2767.78 2773.64 2789.75 2797.83 2809.32 2837.71 2866.07 2887.54 2894.08
2716.90 2726.89 2744.96 2752.49 2769.31 2776.27 2788.76 2796.95 2817.08 2828.07 2844.80 2878.69 2887.77 2883.57 2876.41 2867.94 2857.83 2829.16 2799.09 2788.72 2789.92 2789.14 2782.30 2773.53 2782.61 2776.44 2753.25 2721.24 2693.13 2677.52 2671.07 2670.19 2662.26 2652.29 2646.26 2639.24 2624.03 2606.75 2585.94 2560.63 2532.50 2518.61 2527.35 2560.53 2609.98 2669.53 2690.92 2706.14 2706.57 2699.78 2705.34 2712.32 2724.66 2743.78 2765.75 2781.96 2792.46 2791.84 2791.76 2800.63 2822.18 2833.30 2836.49 2853.79 2890.80 2912.93 2920.41
2681.96 2690.43 2699.26 2712.06 2726.31 2727.58 2736.04 2749.98 2768.38 2781.90 2808.14 2849.85 2874.56 2871.73 2869.57 2860.66 2838.83 2798.80 2772.82 2767.65 2769.67 2765.75 2758.61 2747.33 2748.65 2739.73 2723.04 2698.60 2671.49 2658.56 2650.11 2647.94 2644.95 2636.41 2631.61 2621.90 2601.24 2582.18 2562.43 2542.89 2517.48 2504.96 2518.26 2557.12 2603.99 2641.44 2673.52 2689.88 2694.80 2689.23 2688.07 2702.84 2726.65 2761.26 2787.80 2804.47 2810.52 2807.43 2810.54 2833.04 2858.20 2872.28 2875.32 2882.63 2906.89 2937.76 2949.15
2649.06 2654.90 2661.58 2668.95 2677.75 2684.57 2690.61 2706.35 2721.11 2745.46 2770.05 2805.63 2840.00 2857.76 2857.23 2847.50 2816.96 2770.59 2746.95 2744.74 2742.86 2731.99 2722.24 2716.28 2715.95 2714.78 2695.34 2669.06 2649.99 2646.35 2639.47 2635.21 2635.37 2630.64 2622.30 2607.02 2586.11 2568.50 2549.87 2528.53 2502.65 2492.37 2513.79 2570.93 2606.95 2627.53 2644.57 2659.16 2666.47 2673.24 2689.68 2709.72 2743.08 2784.64 2800.87 2817.64 2822.68 2817.10 2828.61 2863.54 2891.51 2898.95 2903.08 2912.52 2919.92 2946.50 2973.27
2623.83 2623.90 2627.51 2633.11 2641.23 2650.55 2658.75 2669.38 2682.99 2703.90 2732.07 2765.55 2803.33 2834.75 2836.09 2833.07 2793.99 2745.23 2725.12 2720.84 2716.88 2706.05 2697.95 2694.29 2689.16 2690.96 2680.46 2655.83 2637.17 2631.64 2623.87 2617.39 2617.08 2616.05 2604.61 2586.14 2570.51 2554.38 2533.29 2512.55 2494.37 2482.97 2498.39 2555.04 2600.25 2615.85 2622.04 2641.00 2664.08 2686.16 2707.58 2730.37 2769.17 2807.45 2815.30 2829.80 2839.11 2836.29 2849.53 2892.19 2925.78 2927.96 2931.19 2940.16 2946.65 2963.73 2994.29
2609.61 2605.16 2603.29 2604.51 2609.65 2619.36 2631.78 2640.90 2651.56 2669.15 2696.64 2727.99 2769.58 2799.43 2801.59 2812.70 2784.96 2740.33 2714.57 2703.63 2697.84 2690.66 2683.08 2676.33 2667.98 2665.72 2664.15 2643.66 2624.22 2612.49 2604.23 2597.19 2595.34 2593.58 2580.93 2567.53 2554.69 2541.83 2521.74 2506.58 2490.23 2479.16 2483.86 2513.58 2558.23 2588.30 2618.93 2651.07 2683.76 2707.41 2723.73 2756.01 2802.11 2833.29 2844.14 2855.78 2861.69 2863.48 2879.85 2930.63 2965.88 2969.25 2974.68 2974.71 2967.42 2970.93 2998.73
2603.92 2596.62 2591.02 2586.61 2585.72 2591.31 2601.20 2609.08 2620.73 2636.15 2654.47 2688.27 2731.16 2757.57 2761.89 2789.51 2794.17 2753.10 2716.40 2695.18 2683.20 2676.37 2672.63 2665.71 2656.52 2647.39 2640.23 2627.20 2611.37 2599.48 2589.84 2582.96 2580.39 2571.71 2557.30 2550.70 2540.36 2530.52 2519.98 2505.68 2489.62 2476.21 2482.65 2505.77 2545.23 2601.93 2642.08 2670.13 2701.01 2728.63 2751.85 2792.81 2832.76 2864.78 2880.42 2886.77 2889.84 2894.24 2915.54 2972.88 3009.46 3011.94 3012.31 3000.93 2986.60 2992.00 3005.84
2610.02 2600.97 2593.39 2584.88 2575.50 2569.28 2571.97 2579.38 2589.72 2605.06 2622.16 2643.71 2677.42 2706.71 2722.70 2754.67 2787.99 2771.00 2728.83 2696.27 2677.88 2666.66 2662.96 2656.96 2651.38 2641.07 2628.16 2616.62 2600.88 2588.44 2578.57 2573.61 2564.64 2548.99 2535.11 2529.62 2529.86 2531.39 2526.13 2513.71 2491.84 2471.97 2478.35 2508.91 2565.16 2613.39 2644.74 2677.36 2725.60 2760.50 2789.71 2827.87 2862.64 2895.52 2916.61 2920.10 2920.54 2926.99 2950.16 2996.17 3044.81 3048.34 3037.50 3021.51 3012.03 3011.23 3008.21
2628.64 2619.72 2612.87 2604.28 2588.03 2567.07 2555.02 2555.31 2562.79 2576.64 2592.73 2609.25 2629.66 2658.44 2682.93 2712.73 2746.18 2768.22 2746.24 2704.60 2678.14 2663.70 2653.25 2642.91 2639.44 2631.81 2615.99 2604.81 2590.41 2577.68 2570.54 2567.57 2551.44 2532.49 2515.30 2505.67 2518.36 2523.16 2524.66 2514.79 2493.73 2468.17 2471.09 2514.68 2576.03 2606.84 2640.09 2686.38 2759.82 2807.11 2828.51 2865.10 2901.91 2933.24 2956.97 2957.51 2957.17 2966.65 2985.17 3015.93 3066.13 3067.76 3047.02 3034.30 3028.03 3017.97 3009.07
2658.94 2642.70 2627.22 2613.43 2595.82 2577.86 2557.80 2542.09 2541.24 2550.20 2565.12 2580.83 2595.60 2615.66 2642.16 2677.09 2706.46 2750.71 2751.74 2712.18 2681.30 2660.48 2644.77 2630.89 2625.02 2618.09 2603.22 2590.51 2578.32 2569.28 2562.17 2557.65 2538.90 2519.05 2501.15 2488.35 2485.56 2493.63 2502.22 2491.83 2481.95 2460.82 2465.57 2510.38 2565.63 2604.53 2639.89 2684.75 2765.37 2842.10 2870.26 2903.60 2944.60 2974.63 2999.55 2996.16 2998.69 3010.06 3035.10 3050.02 3078.99 3077.47 3051.06 3041.93 3036.19 3019.72 3012.46
2686.06 2664.19 2643.34 2625.09 2604.81 2582.04 2559.57 2541.95 2529.44 2528.67 2541.27 2555.55 2570.63 2587.76 2609.61 2643.61 2692.38 2753.23 2755.47 2713.51 2681.93 2665.06 2652.86 2633.97 2620.09 2605.25 2591.41 2580.56 2571.57 2563.71 2555.84 2549.14 2529.16 2506.93 2487.79 2479.63 2469.86 2460.91 2459.70 2452.99 2449.66 2445.91 2457.64 2506.39 2563.10 2601.03 2636.29 2675.04 2751.68 2845.84 2901.92 2940.16 2986.77 3018.99 3037.85 3032.25 3036.42 3050.52 3082.63 3109.04 3105.04 3081.77 3059.30 3049.74 3037.17 3021.09 3018.95
2703.42 2679.14 2653.08 2629.93 2605.05 2575.48 2554.84 2542.10 2529.10 2517.13 2520.03 2530.51 2546.56 2564.14 2585.70 2622.12 2699.10 2762.73 2752.53 2718.06 2692.58 2671.35 2660.08 2639.56 2621.17 2603.32 2590.25 2583.97 2572.37 2563.14 2554.27 2542.92 2519.36 2494.37 2474.61 2469.76 2465.14 2448.62 2439.41 2437.38 2436.50 2443.34 2463.87 2501.88 2547.41 2587.13 2624.98 2661.38 2720.53 2815.72 2891.11 2951.58 3015.02 3056.35 3061.57 3062.17 3071.35 3088.86 3123.05 3143.14 3112.10 3079.92 3060.49 3047.86 3034.23 3026.63 3028.06
2711.58 2684.71 2656.90 2629.97 2603.30 2575.31 2558.04 2546.28 2534.32 2517.98 2506.32 2509.67 2524.10 2541.44 2561.14 2600.29 2687.22 2753.10 2763.98 2741.41 2714.07 2683.79 2661.78 2638.39 2619.27 2604.23 2597.41 2592.51 2578.86 2564.80 2553.37 2536.37 2511.61 2486.37 2466.41 2455.80 2451.78 2444.29 2436.67 2432.10 2432.10 2444.81 2469.18 2499.34 2532.78 2575.65 2616.94 2653.13 2706.24 2795.50 2878.30 2944.18 3004.48 3063.19 3080.50 3089.60 3105.55 3124.95 3150.71 3139.58 3106.13 3078.84 3055.55 3042.52 3035.56 3036.02 3038.49
2715.57 2690.90 2663.96 2628.34 2601.09 2577.97 2560.86 2549.97 2536.02 2518.43 2502.66 2496.22 2505.49 2519.75 2537.47 2575.57 2661.51 2733.07 2778.58 2783.81 2748.31 2713.81 2679.06 2646.57 2625.86 2611.54 2601.55 2595.13 2583.17 2570.30 2553.75 2532.66 2508.23 2481.78 2460.89 2448.03 2446.05 2442.66 2429.58 2419.29 2423.45 2441.35 2466.81 2495.09 2527.11 2569.23 2609.33 2646.02 2699.67 2780.43 2865.67 2924.56 2974.90 3042.32 3091.96 3112.58 3140.82 3161.80 3166.47 3135.44 3102.58 3077.80 3058.50 3048.37 3045.49 3045.90 3048.68
2726.56 2697.99 2658.91 2623.98 2607.03 2588.23 2567.22 2549.14 2532.62 2508.89 2488.71 2479.98 2489.05 2502.83 2521.30 2562.48 2639.46 2707.00 2768.52 2814.23 2779.85 2739.46 2699.80 2660.67 2634.27 2623.40 2610.53 2593.14 2577.63 2564.11 2554.15 2534.39 2508.13 2478.67 2456.92 2443.93 2442.00 2444.78 2429.17 2411.97 2415.41 2433.38 2456.64 2482.85 2521.98 2567.79 2605.43 2643.33 2693.76 2763.72 2845.75 2903.58 2956.65 3019.38 3063.70 3101.77 3163.48 3187.32 3169.77 3131.05 3100.12 3077.03 3063.92 3058.31 3056.06 3056.85 3059.22
2732.83 2707.57 2662.58 2625.28 2609.63 2593.05 2568.61 2541.45 2523.51 2497.63 2478.81 2467.85 2474.53 2491.61 2513.94 2552.65 2622.95 2692.40 2765.26 2828.11 2803.08 2748.07 2707.01 2672.31 2645.62 2633.23 2615.97 2587.47 2568.04 2554.24 2545.71 2532.97 2511.37 2479.45 2454.80 2441.36 2437.97 2448.79 2440.87 2415.48 2405.95 2419.66 2439.36 2465.75 2520.97 2565.41 2602.31 2639.71 2694.43 2752.31 2833.12 2891.23 2943.93 2987.35 3035.38 3090.06 3159.27 3187.16 3156.57 3119.63 3098.88 3084.29 3075.39 3075.08 3069.85 3068.43 3069.27
2703.35 2704.15 2667.34 2629.42 2606.26 2584.30 2556.27 2520.34 2499.93 2484.66 2470.47 2462.01 2463.71 2480.95 2505.12 2539.92 2610.73 2685.06 2756.49 2806.63 2788.63 2750.84 2712.39 2680.09 2653.96 2630.41 2607.13 2582.14 2563.20 2552.53 2536.61 2529.42 2517.67 2486.91 2456.77 2440.73 2435.18 2444.82 2443.90 2418.68 2397.07 2405.61 2424.12 2452.11 2508.05 2559.46 2596.97 2632.13 2678.29 2742.61 2821.06 2866.15 2916.08 2974.37 3029.87 3072.20 3129.23 3175.73 3147.91 3114.30 3099.21 3096.37 3096.09 3092.50 3085.19 3081.08 3079.63
2660.37 2682.13 2664.92 2628.98 2599.67 2571.34 2543.70 2511.23 2489.85 2475.49 2463.25 2455.69 2452.92 2465.33 2488.90 2525.32 2590.93 2664.65 2726.98 2767.10 2752.46 2722.12 2694.22 2675.32 2652.31 2627.60 2600.48 2574.65 2558.28 2548.79 2534.82 2525.57 2518.54 2495.07 2464.67 2443.65 2432.40 2435.38 2435.46 2413.04 2390.59 2393.38 2412.30 2441.70 2495.60 2551.57 2587.42 2621.28 2673.54 2746.45 2805.08 2855.49 2912.25 2967.13 3003.42 3040.38 3103.99 3162.71 3147.16 3120.64 3115.24 3115.52 3118.37 3114.44 3105.23 3098.18 3093.26
2605.60 2622.42 2627.65 2606.01 2578.90 2554.68 2539.06 2522.02 2499.79 2483.63 2465.42 2452.73 2441.84 2446.49 2469.18 2504.10 2555.34 2616.89 2675.14 2714.23 2716.75 2692.96 2670.97 2658.72 2638.49 2619.91 2598.98 2569.96 2551.12 2539.31 2524.53 2512.62 2509.78 2498.86 2473.55 2444.61 2429.19 2430.36 2433.53 2417.56 2388.64 2386.52 2404.44 2428.21 2479.67 2542.05 2578.09 2611.24 2658.85 2735.44 2794.89 2845.06 2897.16 2933.78 2979.21 3024.86 3090.32 3154.69 3158.85 3139.91 3140.93 3144.98 3147.10 3138.28 3126.40 3118.55 3112.05
2557.50 2555.82 2555.35 2553.30 2545.99 2533.19 2527.24 2517.00 2503.18 2492.01 2471.56 2452.73 2433.59 2431.20 2451.88 2483.89 2522.16 2565.41 2618.62 2672.82 2688.85 2672.65 2651.57 2636.92 2621.24 2606.76 2590.29 2566.25 2544.41 2523.51 2500.94 2492.74 2494.89 2490.48 2472.72 2444.56 2425.84 2424.93 2427.10 2420.13 2393.72 2379.05 2390.44 2411.24 2460.90 2520.15 2564.00 2597.39 2648.65 2722.69 2783.04 2833.72 2867.96 2911.23 2965.14 3015.06 3072.82 3131.31 3165.57 3167.13 3173.48 3181.67 3175.57 3157.96 3148.69 3140.55 3132.79
2531.23 2522.25 2512.31 2502.31 2499.82 2499.01 2496.44 2491.82 2491.40 2487.95 2472.33 2452.85 2428.93 2422.01 2443.57 2473.52 2510.39 2549.32 2596.23 2650.61 2674.09 2656.15 2640.19 2626.02 2609.07 2587.77 2566.66 2554.91 2539.04 2512.00 2480.18 2466.41 2469.37 2469.99 2458.49 2436.23 2418.03 2414.01 2415.79 2414.71 2399.53 2377.12 2374.91 2392.72 2440.22 2495.75 2543.27 2577.55 2623.98 2704.13 2762.07 2805.21 2846.00 2898.53 2956.34 3004.23 3052.22 3100.98 3137.25 3160.45 3180.56 3194.08 3192.21 3179.32 3173.23 3165.70 3154.71
2524.89 2508.19 2492.65 2478.21 2467.14 2460.25 2458.95 2453.86 2465.09 2466.82 2464.25 2448.91 2423.36 2413.59 2431.55 2457.67 2495.73 2541.36 2583.82 2637.30 2662.32 2638.13 2621.89 2605.61 2588.53 2566.77 2543.13 2534.31 2527.03 2501.42 2467.99 2446.16 2442.25 2438.44 2431.02 2419.41 2405.89 2397.06 2401.24 2405.39 2395.97 2377.97 2368.36 2386.74 2421.54 2475.31 2522.78 2554.28 2603.96 2686.25 2742.95 2789.61 2844.03 2897.42 2945.29 2985.70 3030.87 3073.17 3097.93 3120.92 3145.05 3172.41 3194.18 3201.70 3206.41 3201.37 3189.67
2520.84 2506.15 2490.65 2472.96 2460.92 2449.47 2438.49 2426.09 2430.07 2437.31 2449.47 2442.43 2419.45 2404.11 2414.70 2442.40 2487.85 2529.76 2569.18 2616.70 2637.05 2614.64 2597.91 2582.83 2563.73 2543.84 2525.28 2516.78 2500.99 2475.77 2446.97 2425.13 2412.62 2405.89 2399.52 2401.70 2397.30 2391.08 2390.58 2393.43 2387.91 2372.32 2363.53 2383.21 2412.50 2456.12 2502.07 2543.86 2604.06 2677.10 2731.00 2778.30 2830.00 2874.97 2914.82 2959.51 3011.78 3043.02 3059.42 3081.86 3109.45 3142.68 3173.20 3202.06 3224.82 3229.93 3209.52
2521.74 2505.09 2489.25 2471.75 2457.47 2442.34 2427.87 2407.53 2399.66 2406.07 2419.96 2427.68 2417.39 2392.23 2396.75 2426.12 2473.37 2508.65 2549.19 2603.72 2618.94 2597.50 2578.00 2563.44 2544.89 2522.25 2502.68 2483.55 2462.44 2437.83 2413.68 2396.68 2381.62 2375.73 2374.74 2381.76 2384.19 2384.44 2385.34 2387.41 2374.39 2354.58 2356.80 2378.14 2405.10 2446.11 2504.14 2541.97 2602.09 2663.07 2712.03 2762.88 2807.86 2848.61 2895.47 2941.96 2989.04 3012.70 3025.20 3046.19 3077.09 3113.94 3146.04 3173.41 3200.07 3198.28 3173.21
