data/rofental/srf_rofental_50.asc
ncols        320
nrows        300
xllcorner    630800.000000000000
yllcorner    5180500.000000000000
cellsize     50.000000000000
[rows 108 to 125 of 300, columns 273 to 311 of 320]
0.52126086629299328568 0.53460265006329088511 0.54423533002264645742 0.51989200458857676157 0.56643304540660632806 0.48238608218642486936 0.47584320278612779465 0.46127072887573572491 0.45503358739042709669 0.46187596105623118792 0.49810105139245053341 0.4877520639987261708 0.44948082643142195369 0.39208145449991865794 0.36594271720759735667 0.36636508023570130144 0.38305177577048826754 0.38631650663739919294 0.3686439284106325931 0.42082543075056866311 0.46053721264365343746 0.44129708157084601705 0.48063513923074718814 0.5364281011851074199 0.63512834429612052833 0.74132054479221476395 0.79175974570838303368 0.84249578373791600416 0.85756953433148386257 0.92501853007931333917 1.0874217143436371025 1.3748484781495311502 1.3196871981206843571 1.0873714954958586532 1.2942954608388292925 1.2569497549472838926 1.0455491393532776456 1.0343835614890912744 0.99951041587764055674
0.50513923592247766958 0.51301364515499170427 0.53228596516446191611 0.59114868560846722811 0.54898180616066871718 0.4690089874848096807 0.46009008354265301666 0.44661383190928971576 0.477053552569402739 0.47361875793647356669 0.4884526878636844538 0.47780918243423331493 0.4348564292101156914 0.39005312219682025665 0.37480781643795041402 0.38537517162380668934 0.39170257733786678633 0.39720904086235747643 0.42781645968239290223 0.43035902903487366356 0.45119637850541371993 0.47700947276399563446 0.46289329787403443728 0.51781239483285801395 0.63180541609019102989 0.75804703092247927021 0.79950675436706120092 0.84339202207190122618 0.84765090016214805768 0.81848121214565716652 1.1841301051868597938 1.3866022802387392154 1.0961177612794381631 1.0637033249695289072 1.1299060828573050941 1.118544771388058745 1.0771985827836667582 1.0894669652853679054 1.0163001474270334512
0.50498572070065306239 0.5012014973285209285 0.59814646816368066684 0.57309484545814581846 0.55429318950147210554 0.47026700355669814879 0.45688862430545629234 0.44812052112936406889 0.47383222761963839087 0.43932204341906400114 0.43054544090660973321 0.42552633019130070569 0.42347800276076086323 0.37753408403283533756 0.3861266304348795475 0.39592513045504545977 0.41885895400392680887 0.43094296973850620969 0.43027543295734538287 0.42585010912929732729 0.42816764639005266968 0.40165785503499351616 0.39471274178524756726 0.49568786753417370949 0.64847688762322774902 0.76532806824283061697 0.80571937762415613005 0.82967523930444497804 0.86405345801849697818 0.78874788140830165428 1.1856821019817855856 1.3913875995180302603 1.1100754919845030599 1.1580561014618169224 1.1486869867485505203 1.0835045096298392409 1.0435383248475389451 0.96898717332030182003 0.91336690897567895941
0.48192049116131363551 0.48070769923964584702 0.56282223297345990165 0.55535937717954697579 0.54763599673453511318 0.46849748370491839378 0.4532880556873027933 0.44924660887713729895 0.44415486347548938095 0.42141695531719947088 0.40922442735914599243 0.40190686430232791526 0.39656667831369657451 0.38301656005155398921 0.38168975936224230905 0.39733767106125644775 0.43077829949438772861 0.43568078379042807224 0.42580564692104150293 0.40738939429650600221 0.36829936056239070963 0.37276220608689863978 0.3748805353615128344 0.45961883438359507625 0.6535136415093351081 0.78818521791304363422 0.82893389303350073494 0.85612058961875125984 0.8596481478774452567 0.76357729588113254504 1.1756252621354468246 1.3898290589034119069 1.1418289574160689348 1.1611237201829114341 1.1832337923466056395 1.0277442188636638498 1.0503974772219408784 1.0183219755417591834 0.92952072346471747988
0.45709286956360528631 0.45320548994440412738 0.4689475031423110396 0.52889400807149733463 0.5238535302114967207 0.44911696134011991344 0.4378758369610350476 0.42958212995900602049 0.41479925684394125529 0.39927705146485464871 0.39582990248540933509 0.39157200486922744131 0.37822186590532219652 0.37472170740457305671 0.37905543541591607548 0.39598471346957403449 0.43453836999489181547 0.44960533877832553618 0.44082505610895539316 0.38631673797026438999 0.36045247270236696613 0.36342912841270730295 0.40583043952976438629 0.54679936454555566616 0.68781547879973914394 0.76580445525130114159 0.81461791721501886077 0.83146654161049904364 0.83596043110125395348 0.76316579904902692721 1.1427710792016303465 1.3889295318874341767 1.1690654156444701961 1.1676421550502267266 1.1756240539363260744 0.9252291239657294275 0.93347046624792751057 1.0056193196367906317 0.93119031778056349236
0.43502140443183534568 0.43289362531468833506 0.44834852314171291798 0.50466010926755611177 0.44093697417238819636 0.43297334344874760514 0.43084879485235150209 0.43921283985734660416 0.41642769309230243113 0.38623417685199940008 0.38316119360488426482 0.37038930261885510964 0.36609673155677774359 0.36417955313933408901 0.36941954897385015366 0.38118738975851745865 0.44136509881713192893 0.44303141651453536998 0.42104424360362469049 0.42174788470212198899 0.38778080470960124559 0.3855050786481969971 0.44718743615960432347 0.58752468754155928732 0.69932834235259611066 0.77209266778425666988 0.81660353622612624758 0.84585190036693924664 0.83465278269654519239 0.76588861053594603501 1.0434851371527038566 1.3897003020996243627 1.160335641958413877 1.1661678935629073983 1.1790024149584583668 1.0627668212704506345 0.93009275453595108285 0.91935345068535478941 0.92413839718977885962
0.42826431555277733043 0.41652611217727686377 0.47987491419574956897 0.47076084908672444218 0.40325795306352529845 0.41746435894258493438 0.43564485513903272729 0.41007163221787445995 0.36096934689734955226 0.35029771682002447397 0.3511457286680803036 0.35167879078438096796 0.35071164954399997038 0.35721505115556501098 0.36406734978424465377 0.37394968761785479794 0.40983935862903975167 0.47030399481614171275 0.49259880758157736924 0.4857876632911256598 0.45613823833621214288 0.44060592665066200535 0.5070159028113122579 0.63250304480449781597 0.74171173204667606438 0.79329686648925468173 0.81978963813514116321 0.84740171485108806149 0.84308567978888648842 0.78158325126341188227 0.89477848555004613207 1.3716661443356819028 1.2354695504634558567 1.1501470311195598484 1.1912721264955710154 1.0525628953726542392 0.93970339819237358459 0.88377190620575329927 0.87789111461822655347
0.41140528078112736932 0.39808568802167249023 0.43951620852965633812 0.4115505441278007881 0.38439947388742662371 0.3870713171577291889 0.38857682735983029021 0.38040107046255117185 0.31974486288126552358 0.33317928851315853356 0.33925856286658889749 0.34004553824719779831 0.36757033566907632016 0.37007088303807150753 0.383074052523864228 0.41253561802626259603 0.43787318059560209615 0.49928338762843094134 0.49960267628744425839 0.51115805856296459009 0.50209370093388694389 0.48460198627339001742 0.56794062663475475272 0.676711166789298324 0.78924824946970029149 0.80005520037253041732 0.82306784416635581092 0.84909483312564837387 0.85744891294259140135 0.83950392500915616001 0.85867817472210938856 1.3513810720010992483 1.3227767593848540617 1.1664214832304362623 1.1804512159543629757 1.0283742299488154437 0.87633388959013525099 0.738385199633961542 0.80484894712405885553
0.43210922593742473463 0.36810056162854193351 0.3813647786425511943 0.3785398209936856051 0.3546521477998613725 0.37827031023248330888 0.37282075452305124541 0.35844503640330332983 0.30826872226359663953 0.33259258999768742671 0.33977282978440365158 0.336633452994681448 0.35027837353228891137 0.37220374296344233001 0.40780534846644644897 0.46931497379386077906 0.47343847320268184209 0.52362383364955855658 0.53004277359185636431 0.53927254483395292706 0.51401530883755797152 0.49786104145425402745 0.59129609640726010777 0.68304018956317380518 0.77462339776703015293 0.83042067426182997192 0.86674150063718025105 0.88219502279295858305 0.91236133755952664171 0.86435461274934854981 0.87284612701805996959 1.275460165826588721 1.3852593739812362195 1.2781485939171783883 1.2713509941483014387 1.07913218617602924 0.84361866172214761139 0.69039500060045855268 0.72346409062527483602
0.37588753220976384162 0.34267972312370603705 0.32032859543127206736 0.32605210673749202011 0.31158690472741851218 0.34880484027148167536 0.35916388340780097677 0.34846336401209737632 0.33082808865297425038 0.33830350835665840004 0.33636085062982407079 0.34922415613700902304 0.37262142960436045458 0.39471697806764977079 0.43068396257342145272 0.46084565501252205966 0.49225038747496918656 0.52835103884935297192 0.56195632882320223356 0.53682830060030439778 0.58620279245377260313 0.57669274938885661808 0.63360628231092730456 0.64977493765331939546 0.77411867983005244742 0.85245267872805807752 0.9028184629480972001 0.94681403819487786055 0.95706974058867155808 0.91156298317330597403 0.90745798812760269936 0.99805504305998959946 1.3868088231121002973 1.3496656630233045959 1.2856746702455512654 1.1006826609524926752 0.92909940540233149076 0.78218489377119626571 0.79201145263157279874
0.34436015855528950835 0.35111634024955057365 0.34466051253277979471 0.32667681500108974868 0.35937003383991222849 0.36034972904122936077 0.36206193509468481695 0.35855673121554892946 0.36384481164464738123 0.35133187236459834102 0.36048609583860019567 0.37112332202832515327 0.38692330213699382968 0.38558035946814445127 0.4416026516410770375 0.45592600031926766579 0.49302248424032557583 0.54133065507335176303 0.56351499071194532942 0.61585181532832578011 0.6300994792986321924 0.61791583128655591661 0.67722710742894853819 0.62748657994144074745 0.8159712285310144475 0.84373271934406879335 0.89259986834717131021 0.92006214401563901628 0.96849729242270188312 0.96815260364403699089 0.93164633235115201781 0.93457204690359041432 1.2563387441113111898 1.3880523383168037466 1.248628058218240966 1.0681747881666856514 0.94825401716193324919 0.83123980437570887947 0.82362823030440635019
0.35780575556958599259 0.37956212129311789338 0.37000468827844151809 0.37011893699660253221 0.3785980470588656277 0.37936983882638436461 0.35573436017807041898 0.38082176404973694384 0.38180606030850144927 0.36622083262573895679 0.37435217364310474641 0.38142315511209851087 0.37167296901991725422 0.38132491716920940972 0.42816561812949383015 0.45211775089759098645 0.46378808772579083186 0.48528671183502847253 0.56119738877052183224 0.62907082566673178103 0.70917588069236636716 0.71438629002221054609 0.71596910770582267158 0.71108916579100400757 0.77259526335749695303 0.82976714431974174513 0.8781311696916392906 0.94328498896869106272 0.98371894253988256818 0.99751675873731426858 0.94764636706318083892 0.94483807093946914346 1.2852640954434173537 1.3672024927752550738 1.0834985462031605508 0.89067588473427050655 0.80910178411363464779 0.76903292801877853879 0.78037454863518662673
0.38140317500993742295 0.38754414095431016785 0.37532937025245488583 0.3837001505396442913 0.39297331173050914499 0.37052525350233461721 0.39151556497626088804 0.37330472945680720498 0.38185881566599227943 0.3773080684030622467 0.38701044467061290755 0.37537015088901221072 0.39690546846786328716 0.41031167025045511831 0.42433515302047808415 0.46868371834666244791 0.50410171523209379441 0.49234261645939614294 0.4963179474379507683 0.5417642794748395163 0.58242081671252521335 0.63827301374300893233 0.64223173343958095405 0.71494347865566665323 0.70697109423090875868 0.84532760860210898191 0.94560290785188538809 0.99464000703456323382 1.0215413958871266686 1.0080472437268683805 0.98060027754311474002 0.91394147130977121396 1.3146666317920256972 1.3765286569901862279 1.1639399535684171738 1.0316036567391062562 0.69797687380055195572 0.67697629194405328779 0.72111784253162503067
0.39030211778109030751 0.38848591963065487453 0.37577178781617931458 0.39127556692117021475 0.38737884228364122263 0.41558527070197659459 0.41677610878893955881 0.4333469943676638847 0.39445969501595939954 0.39156330123572952173 0.39593498486131811775 0.40049469709959140129 0.4113385709324183237 0.41855402656983542453 0.45420668762014460018 0.48194017188218130077 0.50703813658072316439 0.4457496513401691951 0.44172063617273360503 0.52328782690580200043 0.56857034878465662064 0.6157592744281269459 0.61950552000670577879 0.64371598246823691358 0.7080254907478095161 0.81209478376911892195 0.94687763534612112704 1.0630848192745463443 1.0385238733190766958 1.0438811871812503362 1.0100190627328426984 0.97899558773604689055 1.2519014715524448 1.3875421394690437005 1.3009591001521392251 1.1084891952115816238 0.72934160997798180848 0.64723878147071511879 0.70043960969803598093
0.39320177603575462433 0.39186539981190166015 0.38022053707226838304 0.38640298177099435817 0.39836651738669665024 0.39975393619900417841 0.4067455260931688299 0.41710124676341087113 0.42077979827979261618 0.42397428402170878048 0.4293190724666943181 0.43611614792191522039 0.44340491140360860367 0.44979617084032874619 0.47779351049676488383 0.50392955915259773914 0.50334548499892284301 0.50816321161612709734 0.46286476800996789738 0.5586357848289015271 0.62389856912845431669 0.64840854077476761663 0.65564174311011325091 0.6648439427307678562 0.74119498837153507953 0.85471790239714351411 0.97474777137405677063 1.029602814527400767 1.0755755299642282274 1.0655758422362739957 1.0391227667711953053 1.0477004468162935957 1.2381257785684569583 1.3740443646382853871 1.3292186865182278321 1.0616863468371064982 0.72685090320614509363 0.67433152743769053661 0.67708216244728214317
0.3781877329189128889 0.4142096312694599769 0.42675680333104815123 0.40316167508463462976 0.42574487533835536635 0.42972324901278324827 0.43830385953907302632 0.4485779843900704611 0.44864814102257322137 0.44657266827712083224 0.45294309240548902284 0.46991526563663599259 0.46516260441632939493 0.40750737588313967752 0.42303068018571698961 0.51508578250167158519 0.52676903851124012856 0.45605115585284516921 0.49521180497105976581 0.57945825039332599093 0.61762645393359594248 0.63145997631813466366 0.64432672529999834854 0.65529556835101765433 0.72096712230507498109 0.81602791056518542145 0.93985537610425684552 1.0283660114689734399 1.0756936875045348678 1.0845640596946304335 1.0722015795712871444 1.0613123777121953317 1.2223066273369540546 1.3900601181881255819 1.3338325846553442666 1.0928533377271016924 0.97517199359816320037 0.72977019333418369218 0.7061873387638343269
0.38040615444067232831 0.42393514297837631144 0.43428321425896732055 0.43200007943387885856 0.44630414039418198069 0.45031093234828600824 0.46719623237130314397 0.47322932922239624443 0.47205621277372611377 0.46656114405171000836 0.47685355036910881399 0.49432617028224712374 0.41447850007794595495 0.40672959711161704721 0.41855419057775200553 0.4531577612127845045 0.47605183605500089872 0.52109682865992834611 0.55401956927458073654 0.63667764566322782027 0.64130608799838106915 0.64653124761697566836 0.65284827401056999552 0.69329485227871601172 0.7799771783265859737 0.82325797705430836526 0.92293561435140258897 1.0018685594496767877 1.1043908279853220655 1.1203592647985982644 1.0954826636977057497 1.1011006082167327236 1.2919320019891511464 1.3898662692512842032 1.233783804963457964 0.98215394558732593833 0.69832951091850758996 0.88390087132143324578 0.7664506010442878603
0.41825489236178425845 0.44095935787620799129 0.45450571839117415163 0.45532469790693175238 0.46561033123855832816 0.4707244050970377236 0.4855665611194416309 0.491996289634962225 0.48670646565952779827 0.48961902694022441107 0.50475479297911063359 0.42794077123721685485 0.48525982077123674951 0.39537718814305783388 0.39703132322952655597 0.42970199120393870462 0.44493525699708980081 0.46879240252403098221 0.59005727536258534283 0.67816936110970937879 0.69275449243245634801 0.67704151978645732424 0.64698953862085273325 0.72749417217220913034 0.80168441311704963237 0.88221004064638475217 0.92383230887227474337 0.97899335889086980256 1.0801422349384472987 1.1032811157946973424 1.104813576764098304 1.1162715809195544736 1.3099341645954678537 1.3961784553542022635 1.2269588601789545024 1.0061218429674188002 0.66735438813404923675 0.84432234352425938884 0.76801796663272525745
