data/rofental/srf_rofental_50.asc
ncols        320
nrows        300
xllcorner    630800.000000000000
yllcorner    5180500.000000000000
cellsize     50.000000000000
[rows 126 to 143 of 300, columns 39 to 77 of 320]
1.0103413065181316988 1.0159140344043757764 1.0246129154524097338 1.0396754488302786257 1.0356427157668717243 1.0491565940057672179 1.0188418675926600443 0.99528833559642160278 0.9800537568414265932 0.97864006422788440975 0.99053699364755776191 1.0128718395834961363 1.0017345320705821621 0.97180851973460702364 0.97628605864583095642 1.0768146574722790021 1.1201560467328657289 1.128526099654975301 1.1083898756832106791 1.1122747739601472894 1.1201386592437003742 1.1361834806279489385 1.1397810140559831993 1.1412041511311294961 1.1387040879829650741 1.1174651576474379233 0.99331725892201905292 0.97434449662596211983 1.0618069005779422476 1.0551264673572284813 1.0376113925284933259 1.0426759066366182438 1.0519186586674829087 1.0640269143906371241 1.0843468036188954606 1.0819414109063063556 1.092670157464396663 1.0853052553128290647 1.073500719076830201
1.013588570948558143 1.0241891272543384162 1.0230292593400203138 1.0331980169041123929 1.0425863327324491614 1.0374033919023388783 0.99453774747405521151 0.93520574399316969139 0.93764351021100711403 0.98426389106841771781 1.0224847010249322743 1.0248600205606761548 1.011706696830704022 0.99112250930420298101 0.96435991419715094697 1.0108434405846349335 1.0673553819700694056 1.1146416242876160396 1.0912625384996923472 1.0819457778657946001 1.0953938037218988732 1.134562571795306507 1.1387513877116868244 1.1400692798380136495 1.1361715363195963313 1.0513691705978440716 0.91643522140341049376 0.94488422971306917919 0.99463969678587516032 1.039677383659038501 1.0211443437915006527 1.0329771865131576192 1.0511987233276727238 1.0734968351731342118 1.0896488073546874986 1.0980953625834404264 1.0940071216841702473 1.090899888217247149 1.0754476207913512553
1.0103292361416147394 1.0258007620360749534 1.035830969634401022 1.0309540008558957247 1.0317266782422511717 1.0041379650437978199 0.97289664326967006946 0.95968194807586171269 0.94907846754095925856 0.99409184973103570382 1.0317724000004595553 1.0423760008576228309 1.0273366364083300617 1.0000077994446923135 0.98650427029009180036 0.99668049591249874286 1.0457297898191373342 1.0844155344277042197 1.0785941188844296867 1.0614257563375009141 1.0836776867343385078 1.1070040828031211255 1.1378489476881354925 1.1388332888009284893 1.110587276955882885 0.97038012810185036994 0.8603713165415777242 0.9080637170613886644 0.94384738479857122062 0.98004069935755644405 1.0100008459869083133 1.0336431638312224557 1.0632300536776435607 1.0923488801673628679 1.1142959922087904978 1.0989031482962330344 1.0961438439187891625 1.0954670860855211245 1.084990906261472432
1.0132144303676335895 1.0263263949036560696 1.0370668546276458066 1.0257858153883807617 1.0217055484955541722 0.99082316614045440328 0.97520499103408286867 0.96421543652016683534 0.96841300921036921334 1.0042598645874822871 1.042981765649525272 1.0590358531782566587 1.0534780819379063743 1.0285718056128807518 1.0171050507630927662 1.0432505314312745526 1.0462716030329080041 1.0631038207064058554 1.0625567852160897608 1.0529585147064772777 1.0779648566012483002 1.0971144570270889851 1.1332628627757923567 1.1268240868548655698 1.0157668951530953727 0.88171010191576570936 0.86350531579635092516 0.91621413215556846144 0.94744028852759332171 0.98067627391060707698 1.0281149041273160982 1.0395508162643962713 1.0661423786403099179 1.087927839281474629 1.1154456803509753549 1.0996959416387106501 1.1166423728011838357 1.1096892360053485227 1.0812304205869134321
1.0106281068216564911 1.0227106869697739633 1.0316888575235712011 1.032772117262675593 1.0033984554299339997 0.98901592547027383784 0.98960861171933423019 0.98136672427872573277 0.99831794242729221533 1.0139123038888557815 1.0495539090231629231 1.0528930087997689924 1.0633983132850608477 1.0717286848679843381 1.0510783577528455268 1.0557790659672674494 1.0603600589611179572 1.0632542934679731772 1.0586252183183080255 1.0587803161046434042 1.0846528233904937366 1.0980765885807195481 1.1282196696025388327 1.0795200969374154631 0.91035978215492308063 0.81141888076929624685 0.87424094069692726006 0.92810411327548625327 0.96713645361650313337 1.0070634391746420278 1.0342042846928589661 1.0451265257708794998 1.0738047880233732023 1.0885894956428110447 1.1044222044837384011 1.1055778499273931637 1.1147632694399352005 1.098344411588336289 1.0644257618519166186
1.0080734106002791073 1.0021340067716630884 1.0054368887083220407 1.0074756785119962643 1.0078863180263053501 1.01057814634220966 0.99844787619183328342 0.99202310798785353629 0.99905468119517470971 1.0104976768289293254 1.0295253021605290655 1.0746417031363382222 1.0876745032011960745 1.0657102343646154274 1.0697840024479194909 1.0770124238143670148 1.0709478933806577672 1.0688251655502276627 1.0698809725853606345 1.0619362964170364627 1.0672327766516636061 1.1041025602272527273 1.1241548023379768217 1.0148462030311153903 0.83697790949269734728 0.84228157906687528556 0.90002791225242451123 0.95608331293747916835 0.9890165724829299565 1.0134452262462372296 1.0332043689706282841 1.0607325043184174795 1.0892208030015044784 1.0899133126880395928 1.1119549891300040123 1.1144455649657332152 1.1221850493910632274 1.0820059592009365623 1.0372337418366601725
0.98605232847427670695 0.9925516329977149832 0.99755898914603624572 0.9993174723421253125 1.0026611669813791927 1.0016443889364690101 1.005718469661449177 1.0013832252391221544 1.0000087674258435477 1.0068232866401642944 1.0264804631451771577 1.0566688259823497908 1.0701398901393406327 1.0753527269641987019 1.079373473775073311 1.0785465350429617182 1.0851518304502385526 1.0798811001381949382 1.0732313713515986286 1.0771237521751664268 1.0927141437156864257 1.1082084216143872624 1.0922871961258264761 0.96599028015956001081 0.85731753381032749228 0.89425579104859875823 0.93533334442520221774 0.97210388222671062497 0.99033144239804971054 1.0164492234578861307 1.0390982058068818361 1.0813281536439540709 1.071894968590807462 1.0908948911244706892 1.1132205560229468944 1.1163086956127017402 1.1220063936404356397 1.0619786519787193235 1.003624700162850214
0.99657778314779987827 0.98424414192305331728 0.99285091365515276696 1.0003030829343080299 1.0008618322574216464 1.0045313716219816946 1.0087155318903815449 1.0089195033838405102 1.0018972140539128546 1.0053779479082174397 1.0266080556113492683 1.0567429245323785025 1.0599831520284657138 1.0734478767240767105 1.0851326748143907963 1.0841529327222123591 1.0955371961824638127 1.0829389029795279953 1.0888530366843580666 1.0841361324775382613 1.0910975350655487404 1.1068857031301009286 1.0698193392090060705 0.93587970087043259593 0.89943353603681941433 0.91453853147286789937 0.95778567635057487717 0.98590235920835167516 1.006246195794807452 1.0287102284600018187 1.043886349917882761 1.0570788432116118294 1.0694481947623466489 1.0991570094301170712 1.1102401449035133041 1.1139859850610394076 1.0904216332275749046 1.0121711630804410831 0.99388942509009503556
0.97970824445726056862 1.0011456709381372221 0.99351590139144307923 0.99997120620664781132 1.004804973715523797 1.011244604231284594 1.0110465545929843145 1.0088138442112457582 1.0137187960053948288 1.0295574607922959309 1.0287181199085964067 1.0430507197392384633 1.05672873715615534 1.0767659095937851532 1.0853152440585440708 1.0790735121896930515 1.0792398444055009143 1.0811354749048756041 1.0839163584784015093 1.0878272141304363707 1.0971196464832297934 1.1042763032500091391 1.0393872676547770695 0.94421818306983140712 0.92439658857708295603 0.95065964659276580573 0.99006457695273508701 0.99974118638765452349 1.0211602495501819199 1.0394595428350910105 1.0499141903607815962 1.057987140371823287 1.0622551191915357016 1.0935414160797667371 1.1055461311090892806 1.1039013735383589321 1.0575593144195751805 0.98662808797233692015 0.99319726003439379181
0.95883608893167970866 0.98094659625919067292 0.98683653786397129704 1.0014145466477231139 1.0107596808176046999 1.0152720626328686215 1.0148721376048248644 1.0157791519617398457 1.0297885314514214627 1.0273364090883765343 1.0382872419301674149 1.0481929763185378057 1.0569494246863406772 1.0729509750345074259 1.0831932159615251798 1.0775460295574137426 1.077456771818316561 1.0841862894777807291 1.0889257683466215809 1.0946656518018933468 1.1073208803007346113 1.0754913277239852576 1.0281626256940037401 0.97281139613063027927 0.9610418375000161495 0.99462574574135753647 1.0024328756864542278 1.0161415489385965394 1.0348147578655284562 1.0541184288182190443 1.0496363642339261446 1.0470356731372469916 1.0418307293654716084 1.0784375787380127143 1.1015254920646615489 1.0941665982701649362 1.0292002427763780048 1.0017415067957431418 1.0066121621082237958
0.98310845522908019145 0.95946693656928461191 0.99116453369390045136 1.0146463290148988179 1.0121467319062396051 1.0004982292888588979 1.0065551589915529007 1.0117883956295474768 1.0240231058325193203 1.0349689271074726804 1.0489158310670161356 1.0567356922852351175 1.0631801196640697782 1.0735207704210578683 1.0741868652065016398 1.0771458960118374115 1.0813807440035891894 1.0874173390085499769 1.0939525409053154625 1.1087753837821634484 1.0961175933101396929 1.0745048212706045376 1.0473287995786408899 1.001021420523466432 0.99203000841125021925 1.0236224858184859166 1.0296533778637830814 1.0379728363343549979 1.0561382424528877877 1.0558727380538588392 1.0492424116483345387 1.0478101009977711655 1.0483869618342875896 1.0845041458101039034 1.1001105975747123011 1.0958692011870563299 1.0268522822685830498 1.0006110892980704108 1.0065061020389287627
0.963735830054733289 0.94871022578361829947 0.98612760548751021705 1.0152311506242606143 1.016353480956133204 0.9995668082743748295 1.0015314218442812333 1.0107937897594738708 1.0214411316044222922 1.0286544970593274329 1.0457771418418753129 1.0755548667744623259 1.0685918182869222903 1.0650269627498905045 1.06697441716656094 1.0711292703373733737 1.0777537266281846939 1.0978588365734718302 1.1056279819810148624 1.1045513545827669866 1.0933842478587130209 1.0795338618034273637 1.0465574950184386438 1.0291880557337416136 1.0249514179649765744 1.0315334281395531768 1.0523444768316734255 1.0534084018219811441 1.0504593394287207175 1.0540947105775169135 1.0554555188582002145 1.0541660050484864541 1.0794854463988916571 1.0984420422810372564 1.0986716706301220547 1.093804224495798838 1.0190911962583704131 0.99608278129380634081 1.0039253922336346392
0.94704695984013509413 0.94524727988680978807 0.98638535465244958633 1.0101636388139216827 1.020179803559270848 0.99786107287844016955 1.0009449351273485007 1.0253355223090561132 1.0317483220615515371 1.0286026340400851176 1.0523499409745640243 1.0577655106843031341 1.0841976616583965942 1.0596295324008235816 1.0640710396396566573 1.0834754321873671934 1.088122406311194279 1.0907403982689247712 1.1021847149231454033 1.1036406362109776325 1.0942705108235268874 1.0839998708549063444 1.0622764832702928928 1.0519769575039563669 1.0543011220364286729 1.0646725960018597057 1.0643558605637308823 1.0580241492626054622 1.0607930731919528178 1.059830223294165652 1.0604121292317945091 1.0717774994207265316 1.0922770341471390587 1.1010842486253631378 1.0974115354559965674 1.0715272356496123862 0.99681595299319825099 0.97675740347996609092 0.99665952544827696169
0.9444522661002533459 0.9676259993190413633 0.99803063009627435154 0.99048082178620544536 1.0002604820445233358 0.99545882248147765647 1.0093952078956403007 1.0118946151604473194 1.0237075825562875764 1.0280132964555677155 1.0425640336484862658 1.042222887387869168 1.0731483714286818021 1.0544035234037729687 1.0733653847943909199 1.0789596737378004399 1.0785792193912961956 1.0786338980794520914 1.0920338014499209045 1.0994742338440484097 1.0911426020759971145 1.0823518973747567884 1.065332297832795927 1.0633759699298455104 1.0640195225578787941 1.0681163371015220953 1.064001579201587333 1.0654959184547632134 1.0674226672990072551 1.0672759979690020771 1.0704043604550346203 1.0811750258829215809 1.1000006587726733898 1.0983834904463591897 1.0943416736166540204 1.0370336957859160876 0.96579633189242219959 0.96126225558668954019 0.98657515924523708772
0.94562264156948405702 0.96444274056468948242 0.98184754127034390425 0.97219231692000562806 0.99092818972176932579 0.98537336988684709471 1.0009475565085765858 1.0114172357038015981 1.0188472260151839599 1.0168288428918823563 1.028396360015355171 1.0432059547790419884 1.0606814678846423483 1.0618842390523623997 1.0658971708621001184 1.0693734022078715817 1.0673383393899396054 1.0680359947793931497 1.0774679122396886299 1.083626837881166427 1.0879612607564919102 1.0742603737495097782 1.0680161367243758974 1.0650160062993596632 1.066159484674338298 1.074024424535931832 1.0649567381343536532 1.066039932682226965 1.0790494472388569847 1.0918789871775818057 1.070729992063894187 1.0752664586338687158 1.0949186463603428621 1.0910123912184062078 1.08294715274754072 1.0019353423452357355 0.94280088618950619317 0.95101640828595146449 0.97018436742463587397
0.94447148668496250234 0.9575155805342635551 0.96857522552836605723 0.97854341464175143006 0.99405515946260425419 1.0081309185470277434 0.99338117849253493308 1.0016305457481586849 1.0006226933161208592 1.0045492689898027905 1.0217136421347183806 1.0443553363105282372 1.0650631652333100163 1.0563460686420445001 1.0610079611223772744 1.0605336884143401477 1.0594999621888661068 1.0590659635813439721 1.0678211923151201823 1.075275027683232576 1.0827577009906632632 1.0721356893877413974 1.0691132745772580215 1.0668227418517632898 1.0649052842993582679 1.0646391237550552056 1.0639073578437114875 1.0683567585081608087 1.0716802646962664269 1.0735864044366576486 1.067886030364015415 1.07019271037392949 1.074646934633995965 1.0914271263170820525 1.0649872887636586682 0.98724506543453827145 0.94023749995149941139 0.95383639416859733462 0.9719619746494768675
0.94349423007669785957 0.95194512769681949305 0.96087321593437236 0.97036492659383466464 0.98634200004803440631 1.0062861372468874244 0.99131551292032471512 0.9957132215961798094 0.997719491754157084 1.0022589221505686652 1.0459538001282355779 1.0425912167317594736 1.0488086534164793306 1.050635275888520237 1.0514505998313254942 1.0510757917709696585 1.0509129638458012401 1.0534968481370050597 1.0603364630150027281 1.0700374223184585531 1.074669805674886458 1.0688493765690338932 1.0669848353440842814 1.0637597213822220787 1.0616799859984800136 1.0610430727547695007 1.0631223327200323148 1.072825781117776156 1.0739796688141804992 1.0653799222354081166 1.0649998527301813844 1.0665063323690997521 1.0756355702181799039 1.0638585229191019899 1.0271956803494490806 0.95826153455211249277 0.94686004223527164836 0.9593258182922260735 0.96808995740241343686
0.93800048682324865812 0.94730984497376613529 0.95670186442787830128 0.96498374189209201734 0.9804683949640259355 0.9917435762000214039 0.98248377502897532576 0.98163041208439960617 0.99737057917753479952 1.0190440047882178831 1.0277257532410999374 1.0372737714569559841 1.0431279752991007292 1.0442176319009930374 1.0457842715195195815 1.0444361460359803395 1.0473826614002463842 1.0514758956780294596 1.061057110469241227 1.0682362275294030596 1.070732886987295629 1.0641420217240900037 1.0640089508704120291 1.0609613441670742162 1.0593600968182772526 1.0606598259149562224 1.0611797496773007765 1.0652513279339466123 1.0738412675653741246 1.0603039276540986435 1.06019240202939935 1.0610002279579253681 1.0798714306609169533 1.0654159333635808693 0.98330874313466287706 0.92094337371767898137 0.9378905054614102843 0.95184945717026658851 0.96468945684988038902
