data/rofental/srf_rofental_50.asc
ncols        320
nrows        300
xllcorner    630800.000000000000
yllcorner    5180500.000000000000
cellsize     50.000000000000
[rows 36 to 53 of 300, columns 195 to 233 of 320]
0.90376266640812408237 0.93645453065753458954 0.88504632356248003067 0.85236005054474384135 0.75180801298692012669 0.71085080281441592742 0.79830564793276781455 0.75224599062740649114 0.4994482884201963957 0.64150499119410897553 0.91476684864618540427 0.95506667486354668295 0.98810508005346664451 0.96406929223424120412 0.9758817819803505822 0.98722998482306401069 0.96841927422260221103 0.94000107760014184333 0.88971184890177335003 0.84546253202858834275 0.80274786380738405445 0.84052406583421912512 0.77880817853346029356 0.72559021276802948552 0.65193208632374177736 0.55871285232366540985 0.45780477415371889638 0.36592237522705500785 0.31278621027825587175 0.34989164275398004778 0.33093712163426053374 0.38840862143967752607 0.56888177282804719415 0.61757590421640784495 0.66783895896583878038 0.6300040886525487549 0.56580449184434578047 0.44836556198688570785 0.37152847461170407373
0.93549502836549180973 0.93584287161874957217 0.91061615160787445777 0.89088970142103851568 0.79419022382355708434 0.72395677999832430682 0.77722913280502570199 0.76485491703210850556 0.45596941411922931042 0.62782936351214091442 0.78239126484718768406 0.96056852431918937629 0.97214058164163230646 0.98457326202529749093 0.98586464470047030506 0.99504800763890555171 0.99418051735185197781 1.0082192874980031583 1.0091889612642881424 1.004135513874748753 0.97352512319021522469 0.93127725573334896314 0.85049512392363924018 0.77478979356354960029 0.64561002946875800657 0.50793629501434434115 0.45186762200490415697 0.42587206814273759203 0.41122715262747611131 0.40645199771147810797 0.39643785458621311202 0.38377427514042533607 0.55620832209373316513 0.64815458410634108066 0.68556169047597570465 0.68056957799370720874 0.61786283853364476482 0.46249881820995153436 0.41988087585371880461
0.93175370431772919222 0.92237908946603164306 0.91751100805790575254 0.9361065562847056265 0.88389146303078602873 0.81818049387646640813 0.80116338349208027214 0.77354425998005005294 0.38270851018419999034 0.54044147834815026155 0.66549911790257187949 0.96038421645771931967 0.96870152754863581013 0.97858389473448859075 0.98995232008721456562 1.0067988931432818589 1.0129428110154066189 1.0057623664837640476 1.0165182917032518084 1.0211221017008926815 1.0139218399819056593 0.93458580583727679514 0.82289815456865855747 0.78510298589741911446 0.74207340574282609769 0.63474523191829590463 0.50252056940438671884 0.50758979657037384126 0.49586251251643898019 0.41747419783953210182 0.53463653268688571263 0.4401020687925284447 0.54344365410192241317 0.61841627686444444745 0.67419945475000087054 0.65572155186526848158 0.60740968787526006256 0.53895710642256899892 0.43504822090272787793
0.89847015744397029646 0.90193883151630205308 0.90150270051671788085 0.9008894731667546063 0.92183115188911968207 0.88278388084588754747 0.76524597811636885236 0.79715513454427855411 0.39459481369138743601 0.50154996199904033904 0.72504299850377529335 0.83194291114632556994 0.97893298209149437472 0.96870256073674687602 0.99927780278358124821 1.0119331479005220231 1.0322198793168038122 1.0286634481134049324 1.0556526596116939665 1.0527643451060164637 1.0403545925872390576 0.98318308679847399301 0.89339569468766388827 0.69922955588306023866 0.65031035147331184287 0.53493266705185360532 0.72824853924274457473 0.6359088105544642433 0.56813138301278087727 0.51455754842953138617 0.58769374014146336105 0.68525686699714671857 0.6117497783755797558 0.66979682872060608556 0.67277235684734126853 0.65423538474289599787 0.61646928947078072358 0.53342230874023333076 0.55918535812782266259
0.88370421678781252428 0.87435207537422277024 0.87846208465871955529 0.87435277932207078333 0.87923186714470513703 0.83044673067477592365 0.80603987311650671099 0.69740348396794493713 0.46166566161595723461 0.63371716250575638174 0.74864646225599040807 0.81219769320909118715 0.96478931005783785668 0.9209814773109569197 0.96961353160449437194 1.0036899047898946158 0.99547543761766521531 1.0427066070370423212 1.045261558691136905 1.0254177101019474883 1.0158670378271699164 0.98390910315137658504 0.89237934582829236962 0.76927653024782916003 0.69567040849037098393 0.69979622489942638897 0.84685016794601575274 0.8113863426321755723 0.80429940422080836715 0.76659307839424661868 0.75336564574519171433 0.8262531116167884937 0.74950225732697439707 0.74881174726666188679 0.71551942425003189907 0.64625951844534201829 0.58909465053320120287 0.51179049827179767806 0.54666698124973278627
0.8743225054631723614 0.86729978011010444572 0.88694268533762843365 0.88744581308762604532 0.8573865455553607573 0.80748826283280850102 0.74937334133386845902 0.60834529901780542982 0.51427135758447228842 0.70414808208654899868 0.72081619168331501069 0.82345755946231269373 0.92536176608013487321 0.94061580480021389494 0.97054875589096989419 1.0037435554517695202 1.0082067060783743706 1.042347569580366784 1.0456651488879300516 1.0359077780344092545 1.0302826974244712055 1.0131543206443551774 0.98926487883364344622 0.92528149955620342393 0.85359626399985166767 0.90003010990616416631 0.95070625021680565947 0.99058824519765831251 0.96787532761372763179 0.96477213340352430127 0.9323019850310637624 0.90114636393385383339 0.93773720482574118851 0.81564551440349919442 0.80994436592318630463 0.68643647369165428085 0.63844298043350089511 0.54857639754466169801 0.60281947289214266039
0.86518393377445368397 0.85713467467100767916 0.85503774457256487285 0.85877116294291677701 0.79910890733415784748 0.74460132110326238131 0.63779840528501796637 0.43031247562678587304 0.38922240240348521256 0.54603965994666026074 0.70087804870688052983 0.77286282301755593327 0.83262600084385784971 0.92746727296800368645 0.96150557174448147979 1.0032506985653495413 1.0270064197717920784 1.0378033145418537053 1.0492701732015001781 1.0256379358271430213 1.0266073658895846776 1.0424376693205088529 1.019013006634305718 0.99610404086596437967 0.96943453401613555176 0.98363929110030390301 1.0270224479048408739 1.0425542540307999317 1.0315557472580936249 1.0338235934393185111 1.0060919492350302029 0.97928918100480133457 0.94307419157540894883 0.82925712406433904622 0.82124375078994138466 0.7391394146937256826 0.69216981065339278079 0.64715464388557608633 0.66060265696299180771
0.81961184011691823326 0.79555733140752671328 0.81890737821836634414 0.77568169434720590782 0.72810584452275717293 0.59965230640239830517 0.38969370818375220766 0.24091304517633976845 0.33087276753637323568 0.45817819357403155589 0.66059173825113715051 0.74766655065830811555 0.79898428620769623709 0.83441514287002160888 0.90940125494085732871 0.96282342290006839303 0.9878251858238592531 1.0416452661500024135 1.0505912752355897055 1.0143649606366977878 1.0169930294219762246 1.0187126561520911672 1.0147445050544723344 1.0156888185815340364 0.95747496906142492978 0.9892486264104162208 1.0586959319171609373 1.0562166096587870534 1.0564728221320063284 1.0393403729565018345 1.0279700627066175045 0.98645678512824652717 0.98246801986649001659 0.91573639109738691477 0.89864051896000585185 0.84793598574819950553 0.72837769078558289859 0.720130076275972697 0.7184476938897706999
0.73213749194476307469 0.70713764350624519484 0.66768180784999497934 0.59923766136618927813 0.52263055635436483914 0.41548185136996174105 0.30813869350936545777 0.16659199821253550811 0.31155260512397503492 0.39326323275942270952 0.60571225444094889401 0.70443994640101970095 0.72697610839509774205 0.75234582328203358781 0.85103372179508418593 0.9163190108073583362 0.96963599796995303404 1.0030138363976073279 1.0350025730643359623 1.0065357570731299219 1.0125008355342184352 1.0303710253082463133 1.0170349240361193921 1.019604739067374588 0.84571506624481684877 0.98438966743465849962 1.0565040423158094107 1.0643516536835635478 1.0463912787627531742 1.0398934911332182729 1.0489318345292133472 1.0061311305603664046 1.0373337876349033593 1.014119333778814358 0.95693969041786719476 0.94714859285534547251 0.83093957868789380949 0.78359833509452314626 0.74326581195264596058
0.35559791290565828659 0.32389415355501499638 0.39682489987731145442 0.42647655242695481359 0.35603898583452359139 0.27960906245417177507 0.18030539837063913611 0.15339489210895845828 0.23891096943940531849 0.35710873351958333233 0.50434160273238781702 0.59180814652653779273 0.68279104108101773551 0.68915427923591165982 0.76498497145424149135 0.87321052454208991644 0.96277941182990012248 0.93390766248779832903 0.99971156567940100413 0.9970889208742729215 1.0049867881283067739 1.0167992530881813096 1.0318531482678379163 1.052359066045608138 0.99187433175552375264 0.97924980381698356613 1.0613716236225663181 1.0709937004416967277 1.0493052964295577212 1.0488855794799385457 1.0547937514723955132 1.0314297884639200831 1.0135495033910983942 1.0254240097506217566 1.030541455874517176 1.0059209096191041866 0.91884989403362904437 0.84144099320943588349 0.79837311934919041878
0.35946740057962472958 0.49298105466314401379 0.61698683637652174117 0.63203564537542267221 0.49216573852334366546 0.35627295086761695542 0.2567546505786770239 0.11895328700575165393 0.21548400109107007649 0.26480010076892052107 0.32827326298689712969 0.38012722828933082075 0.46400488932595196356 0.51000017248854823126 0.59301876640032202825 0.61556977897899212149 0.83313901558535963243 0.88693111324644113846 0.94708043647281303645 0.99209938489418003638 0.98703800933509755478 1.0095298920097226514 1.0185092668633601853 1.0098338899285925763 0.99945500898328198947 1.0949731903999948557 1.0748730466059699395 1.0868510359046403835 1.0563675445886366866 1.0517090597298235366 1.0575562625716146137 1.0451590012977254318 1.0255619861255071967 1.0346395062145115062 0.99939384652729079672 1.0335835860352129423 0.99654104508457030942 0.92933550991624336302 0.84791463551562695766
0.64961472811160170249 0.7169699204342324661 0.76296535528869113829 0.75083871768629995014 0.68637751000709668059 0.46794109488085300352 0.29967538330419801751 0.15033627121815457128 0.11243362762781013153 0.16746754356269261121 0.2693370712932139921 0.34908032778497571913 0.36199054876072273013 0.35196507600485155143 0.34512235447554445722 0.44675428422075158519 0.53530281165529791654 0.88008868284352803624 0.97699397223185602268 1.0132914385638138732 1.0444980512949366691 1.0733580154989583733 1.0451326557934210726 1.0306351382154859131 1.0048851573726444997 1.0700470727053006392 1.049597980670005537 1.0538167674454030909 1.0570714552562052724 1.0532993737381226573 1.0591343825951926583 1.0494978458490025197 1.0309321200622898473 1.0056842206672356177 1.0219801395251728593 1.0329109818052315539 1.037947282229606305 1.024519803780949978 0.93597177824364796717
0.70865918972794517128 0.76964916735657895597 0.77581867687052497029 0.7556698435916838763 0.70890888510812277712 0.53637920437672448326 0.32339523355977567443 0.23261635552175979891 0.10000000000000000555 0.11778085929205424354 0.22637952925888965572 0.29323388513780984654 0.29230466538464955351 0.32112242499896986869 0.34673232421115202095 0.45825083436466884645 0.64603919545653487599 0.83071903506409305873 0.9396903764504415113 1.0391713898691294915 1.032768419213828448 1.0306681331257538936 1.0310056847710420413 1.0185857717763746599 1.0163402614499301713 1.099887529785433582 1.0437052877778261184 1.0487345582342584294 1.0517180191240540488 1.0491759424275319823 1.0618248483681149708 1.0513469979203793336 1.0217236734930028597 1.0271782823140087615 1.0276963824075213694 1.0350270197476256762 1.0392112963499431366 1.049846045512186965 1.0032167957876105824
0.7929147785263336301 0.79939142136321794663 0.80306505536068628626 0.76873610723282659318 0.74486392326410422182 0.59718828037991944502 0.36859287749986119342 0.29336842146191338676 0.12739231214037854967 0.10000000000000000555 0.15122048789033709637 0.22812103628426988466 0.30622560523313852032 0.34575514703006254846 0.43960143766050518987 0.48757503521131229096 0.67909811010903708972 0.78103683938214840676 0.90759154839829181416 0.93975157977928847064 0.97342986180479795788 0.96682388607004898784 1.0576826836016004485 1.0544065266702009609 0.99206065064147741506 1.0437657351084363988 1.0408087024974497226 1.0515180534583441485 1.0508249206445166024 1.0481278741013757561 1.0622435818306223965 1.0542619585997514697 1.0402897846067977738 1.0256152751195886097 1.026847311250467687 1.0290429031748948852 1.0357499365385183232 1.0532808184939219664 1.0413592270522027405
0.83215904251045802464 0.82404186475338414564 0.80815695570452927843 0.79182148249828532283 0.75490495899556864234 0.61673437116704887817 0.41244949557118382177 0.33518039788496106768 0.19268859707465829656 0.10000000000000000555 0.12898149134952535677 0.21259569215706369816 0.27187461051406985879 0.30385268453649078024 0.36795565788359224646 0.41484753691823372801 0.54755043174763062819 0.6759517045183692785 0.74248215323139488131 0.79432966936007354253 0.89894095903200466058 0.96658928916158626254 0.95197765022508396004 1.0184412524939610023 1.0148090766933526297 0.99201959394788252755 1.0483821904542494075 1.0513077454050065995 1.0509516274897379162 1.0514677716504121641 1.0644944736618939807 1.0562066165546699636 1.0415516671961850825 1.0364187384083871635 1.0328002188746934209 1.0323908050631618316 1.0374625746123555814 1.0464235856983674644 1.0639502828435087878
0.82026434063370812222 0.81063771427078867848 0.82648967666313122304 0.8177567973095943854 0.77153602175502344895 0.59044023460002825754 0.3367850317506137503 0.30575015755648066174 0.20010783996964459641 0.10000000000000000555 0.10000000000000000555 0.17205029255351161899 0.22642683657814294262 0.26951495732172164876 0.33834526325214125952 0.42972395117938477771 0.53139765795304538809 0.55131641798512764918 0.59824413874314819051 0.68195379804143085867 0.72287828778320684098 0.8488801923520482573 0.93025759597463542061 0.96848725859873752153 1.0439918789775362029 0.99439744081756675786 1.0362114498428454112 1.0708893109710042602 1.0561512122239502531 1.0531700292573327182 1.0621826673996364043 1.0425346579329994867 1.047821461911815355 1.0450069209020886873 1.0529125121066571502 1.0428213627582119116 1.0451209336572402364 1.0375639588871785612 1.0382259696234164004
0.78997519595912735202 0.79612614571393780505 0.82013624138719387613 0.78876710887149659168 0.78800228250902060179 0.64916658611096778042 0.39213972249469281062 0.28528027522215398948 0.15904029064128527571 0.11621137401869226224 0.15077926978709260686 0.23536538543802748569 0.30441069464125253274 0.34900228156084495135 0.38800121919928659553 0.45047330228745730007 0.50130490084852141752 0.51243952806003234546 0.55101649140829855877 0.5614723821189236963 0.52382865418050827966 0.47128269936778754978 0.80244498588533341721 0.92120966853659214113 0.9976214609078618567 1.0150431226130582907 1.0449178474642444314 1.0525464890586841982 1.0594775284009165794 1.0561143057366320086 1.0620968482118686715 1.0558668006107940762 1.0643962310374810443 1.0622373947160483887 1.0461524059655800123 1.0662465248400079254 1.0614981199851460936 1.0355394176176315746 1.0445408404728508955
0.786415445574901395 0.81194203299131439966 0.81769730772116033801 0.79548954976304286912 0.78557393414877096927 0.66509752816640121953 0.39422458065911719638 0.32637020088136653451 0.26544851142369135788 0.10512854680089440962 0.12436621129519039031 0.25329340197861366368 0.30964634865275780795 0.36781442188004714877 0.43218099074110905011 0.44577568233266806619 0.43137827086669344734 0.40633756312687918655 0.42560344824089024751 0.39402928483025084772 0.35196062646926490336 0.35637508934125278204 0.56690423942743428665 0.92140382220873762176 0.97583185417851503463 1.042033184855522876 1.0634316647365285036 1.0617082575765186547 1.0682093018756795288 1.0519240224016823682 1.0550576097537129883 1.0637350436192014591 1.0459031421066580236 1.0668479220628239723 1.0376920586589859496 1.0743437175932841754 1.0455363069946592702 1.0503448826059025301 1.0384226211640097404
