data/rofental/srf_rofental_50.asc
ncols        320
nrows        300
xllcorner    630800.000000000000
yllcorner    5180500.000000000000
cellsize     50.000000000000
[rows 234 to 251 of 300, columns 195 to 233 of 320]
0.72830417675560676916 0.40122005139784355787 0.26964429586842403319 0.23116951749009878592 0.2536534637744158327 0.26675267617002701437 0.25408988036962448787 0.36479793063982907109 0.59229812623166189223 0.67878392114091268272 0.72943244691873243557 0.7929609049170706081 0.80113402113168918905 0.80108763307909602869 0.80911406166430477338 0.82565056757187382797 0.8376363117417134907 0.83058930428249044819 0.83865129141643668387 0.8370537864876105294 0.84158631595021293759 0.82520292598934352757 0.78905329095825960106 0.77684387542948363237 0.75502720588800820156 0.86382179872604403226 0.96300766979003460388 0.96426671442760636399 0.96067050813290533195 0.94834503950043236298 0.90347343643416444525 0.84919253821888973643 0.80599813174593337717 0.83026687100686202836 0.80069405405797466901 0.83361484697780829922 0.97528136910797835757 1.0816559981688671499 1.1229407314431796294
0.70879724756036333044 0.37850059369717986568 0.29703955594366032722 0.19341549469627555835 0.12334269672566129661 0.16148149057486843594 0.34634869170465959476 0.5661609265802222124 0.6879658675072776175 0.72545933754517644143 0.74594265235376033818 0.79157351918916563083 0.797429362280693943 0.79570533015157274281 0.80211018318758442458 0.80185409084081571418 0.78924893690338426833 0.80356181548322924701 0.79272713934100547117 0.84531200961537333871 0.81900403632031071322 0.75658193644836446712 0.71942565764538068951 0.73317219754142748389 0.78712878438291677963 0.95708347167899965324 0.98303323338178116853 0.97165329742941974889 0.96275583340743897676 0.95369770330134395753 0.94140100893598332998 0.925690095958845105 0.89911937570144251364 0.8681092942805691548 0.83761443426535098222 0.85471908029066423484 0.99905530195357339363 1.082637765402662211 1.1298153094724443513
0.66440930555985644457 0.39987021831127195215 0.28245176612544659056 0.15220934813887904147 0.10905775513424460776 0.25507047642120267428 0.39934648278339884842 0.57004583515970719265 0.65014651739383355622 0.67702006271096892842 0.69558773560156950122 0.78356273887898131303 0.79502943177017038057 0.78972171464493012838 0.7728782820466927328 0.77167741610063067537 0.75599267543690629179 0.79040930515738050399 0.80973090080961351855 0.84529073705888435608 0.80252059353667914987 0.77235885503207846181 0.87481703140295852261 0.88116605781668722042 0.90094531810480782408 0.96355388611629655404 0.89479922678087964183 0.84201094913966445521 0.85354563604152933198 0.87478720457479453021 0.89786501630591708523 0.88597855942586323241 0.9158229837510537541 0.96561832378194434323 0.94312264192839123655 0.92004465563085802149 1.0011009604652048033 1.058704474690709052 1.1460697295502684234
0.65957017575225751482 0.44779590578837391579 0.33178552284231960234 0.26962845487601788674 0.22567947530594828498 0.2633458482046875937 0.37200797758512699209 0.52575708423130362856 0.61333450190423233206 0.65825011132355581989 0.68962427799361181169 0.72409748673504370498 0.74591837671285421418 0.7548105066974398758 0.7449954984055483509 0.72395950662571351142 0.71770757849752275792 0.72854002824408869987 0.75005418554014380295 0.76053723433674036425 0.7502324827842440369 0.84267505405319187428 0.9174040251089653486 0.89903732217726994858 0.84543674537409796432 0.77704250982543443538 0.73455496712521151093 0.72828026603577666886 0.76065262466268068753 0.78059901254449293173 0.83452334628710855835 0.88502967058585568783 0.93242536908813045127 0.94085187019697957833 0.92098896945793840008 0.9842306609877472523 1.0312478101981086276 1.0912792652005798288 1.179650375937951523
0.7281517950507551129 0.4342646494765453058 0.33449579413546565165 0.27863740287963528752 0.19466651308742549675 0.21381037058227087 0.34445253351226184924 0.4245063192082522141 0.51973759961615695335 0.60034664588029451604 0.64112900761160573904 0.64630659203086426867 0.63921823993813509102 0.6551794534478750931 0.68939898561660506449 0.70638564832758665712 0.66506068700672160698 0.55453220624490684454 0.52105674947507607531 0.64864660236869953192 0.6557706646000868167 0.76109133011300278415 0.77959996770040340675 0.83079352284925633843 0.79439499488681286632 0.69523063538109297621 0.63251303720470908321 0.62138474144188882153 0.69912824210512247713 0.79722552233741661443 0.86204270340775723813 0.89658390004988774979 0.9350860514162125936 0.93256313541633717445 0.97789616554514424696 1.0155680173168559755 1.0639508378074649109 1.1375982878122932185 1.2049624000330130258
0.79543349597546064711 0.38677364201200431504 0.24151755514445399919 0.21403598788532701702 0.10713867543205497779 0.13480990903470874143 0.25709597890367458239 0.36041053297291164581 0.41562274922486175388 0.50582039286731139693 0.56629321380880026648 0.58833390917810957088 0.57498974709704830932 0.55491512231708106651 0.54992734986785152262 0.52858265058362718936 0.53515813208294271686 0.53509195293570110952 0.50515663666673249477 0.58210840864955348817 0.56917026338783960338 0.5829306611138066474 0.63650945679896009377 0.68442728359564164453 0.70542807228460613356 0.63972176753575837882 0.63955296071771583488 0.69777540785216063401 0.74042558933770952212 0.79794609965196416912 0.902884328170356798 0.95139283494264537122 0.96161039863339803357 0.95549646548789735068 0.98994080565755881995 1.0256678310735658499 1.0780905894946353207 1.1523346249420183263 1.2361862376136509845
0.85608683001503071974 0.4718160780420473932 0.24605728959105649389 0.24282300652318528078 0.16654199753600334999 0.13803298661639001876 0.23668095083840029469 0.32591607401603178706 0.3860255270209100309 0.46560145289946308633 0.54728261027348523715 0.58071594724480368743 0.55764730669244622074 0.48130619124601581316 0.38924931193555684095 0.39538755301045652724 0.56347793579900862238 0.68355223758145411406 0.68029838524297259195 0.69277346074892121042 0.74770077101669973896 0.76699855349527512605 0.85361552015201180854 0.89431356764988534369 0.91156166982358965978 0.92619094333733775759 0.87788081353027191955 0.80711900123449054067 0.79952929759089685913 0.81404357025196560915 0.92312112924797451452 0.97654310096830510002 0.97300456601694695902 0.95457485930735275215 0.97827554635443136899 1.0497556297023580285 1.0858782063681067243 1.1887250328311225189 1.2958387902193568841
0.86724654335511475178 0.68926995322009887435 0.51560513578614586283 0.48473882571594917312 0.38669205386261346069 0.29519974488675643221 0.25028787395769497293 0.29629810921092519793 0.36629619651230466149 0.43383769638227087651 0.48923762020816174978 0.50833554162883365368 0.4914322457724796811 0.40318552912415561718 0.36740493826364001295 0.46249341064544602364 0.58442455385436564708 0.66895200949255928524 0.70053856789183599485 0.73177299333720491337 0.83973262565574280369 0.94785127476638331157 0.96158515817205569842 0.95831709846122892227 0.973461464791518849 0.96748246528781212117 0.95215939538231186834 0.93398575996631649776 0.93382189279088489986 0.94299973390792335426 0.95394260299089694843 0.98821394028858688952 0.97730640595328976961 0.94972964545824323235 1.0077577123331882269 1.0850874200789357715 1.1279313166525670731 1.2305989263513534837 1.3133982123091438865
0.85856587750533519543 0.7999900716238043108 0.73754277843889026745 0.67507180228567775782 0.47170964112816882174 0.31362045601991189736 0.24218016280715576327 0.26744694219703218918 0.33798380162168456531 0.37894756572632443126 0.38921915012437552361 0.39315253408263456381 0.36131093074031822576 0.30649722610255997202 0.32802571857248535858 0.34577417357308498636 0.40927719890949554316 0.55090776342261571497 0.64273116286843989808 0.76765927190317062578 0.93528110414589982202 0.95644663909928817613 0.95788420691092956982 0.95296069338403921467 0.9521123617022339003 0.89844028375213336179 0.9456393004335162944 0.95140606622998447062 0.95693213091441597928 0.94735210499812338991 0.97891838449442458714 1.0196065899350510442 0.97475860417106352518 0.97075170813253641722 1.0516615543226848217 1.1322926313122616548 1.2206825561258800583 1.2576246087613744962 1.3064304605654424307
0.85193433564193676855 0.79546859366910671607 0.71136197293240843731 0.66334037350264229982 0.50177521237775957186 0.29460825968402509778 0.10000000000000000555 0.23190700048970419589 0.31044918397034743096 0.35502299868973702379 0.36327038115132809226 0.34234154501259622672 0.24882935135389178116 0.20885057402420031947 0.25795177630200555319 0.30132664979680862105 0.3710411344227069752 0.61929344653745277416 0.67838030024369599946 0.76728617828843781457 0.92130903860330526367 0.8844568048374760183 0.86409420741468567773 0.8679845313383690586 0.82662520557241248031 0.82125007305594610596 0.8407531903055583955 0.82824073256899810591 0.84317367515881314066 0.90405186235176382414 0.99987790414108757009 1.022690835135719567 0.93332563585615935242 0.95746419428298279453 1.0432926517787572962 1.0701083765862295927 1.1459165314882189257 1.3047022575741433759 1.3011543192911423361
0.84857413839359974173 0.79636721056220227677 0.69637803143489984681 0.57319338759917559667 0.46110465054660065842 0.35784930935210917946 0.20665684923106403259 0.20162084343767477934 0.28447601412010187216 0.32588938150356011603 0.33625751245085816477 0.27623084868085284738 0.23946777837958893587 0.27797933420983439445 0.31261428276227459788 0.35349747117862956314 0.4912391157235950212 0.65318892327045074975 0.5943784826787040787 0.76041601405813541437 0.76803599609488715227 0.77901927440979867878 0.79728997383178412672 0.7836019988763810451 0.72217780732030012469 0.70325014551287690079 0.68155955963702219425 0.66997440880763459159 0.80770655691876258597 0.95412577704550527447 0.96545169564432387066 0.95232399239295772997 0.91635068897161209289 1.0137055383065320946 1.0279833773413620257 1.0232830266318484469 1.1776831226572817002 1.3074711727577432718 1.2869970051514245668
0.84505894616288534937 0.80584710828306793662 0.64089591726186412313 0.34026538107399212363 0.29011730359117776645 0.28679433644003887727 0.25781375833326275471 0.20202908963799065534 0.2450725429687461987 0.27006567872149084275 0.26807094496820110807 0.25514764694547981128 0.29119106256535937094 0.34142189972106645746 0.36906557654909571964 0.3897471564878950967 0.55839405407980391427 0.64625006491479897175 0.70465416694523985708 0.77073083484596527359 0.73071779035806316838 0.74190715224055836519 0.73132916951016369023 0.71132093218744463226 0.62919275224024462378 0.55536635103704912186 0.62041927231170179713 0.73701434485662165041 0.8331316572987402802 0.89900515531787983381 0.96126369288799151658 0.92639977512898707968 0.97717913979578996386 1.0262207869733277477 1.0059069433639673541 1.0444072268531319203 1.2704380331631357492 1.3026979408441921038 1.2525081233648576173
0.8409821544354562084 0.80733901424887222209 0.51922479431001622441 0.23620401193427559283 0.22680172376580126636 0.23815342818747081699 0.238936210727072329 0.18488553054621031935 0.18996304128768964903 0.25405269158794635542 0.28316118345378399335 0.31823042437812459893 0.3403614805337709659 0.35898816046695197768 0.35458270281500375853 0.46313262929235399223 0.63865588105417858689 0.72278606969561398632 0.77225301713384031377 0.73956448594097656812 0.717121340515561978 0.6894143296597018411 0.60260139480922536581 0.57358472011005379176 0.6043455528973012969 0.63930147883072041548 0.73661186386866528419 0.81368426873917332198 0.85852792336434646803 0.95042302186162463951 0.97358287284228228753 0.94988021252090104607 1.0096237977019826282 1.0131333594021985078 0.99962001069204353687 1.1297665129335712209 1.3133550609444308854 1.2810772437840554083 1.1877164603377874386
0.83331373861624780108 0.77633622810368441147 0.44572523018346699164 0.20640622015057202843 0.1800670452770424812 0.19833778693554254824 0.20783152406054289374 0.16525898826306012479 0.18065179376313561521 0.30545867488906225384 0.35124191934537535298 0.37236436804537326184 0.38165177357664131774 0.37993493806497241616 0.3552910250426380423 0.46821652783215161886 0.63840451273331233484 0.68000467339889658636 0.68258375618338595903 0.68837222738969094937 0.66427428133561761125 0.62880799963035449718 0.62186743933314969635 0.62446071788629964328 0.64581550620511174454 0.70768827895170971498 0.71050055967623870767 0.77339832096836269582 0.87098249211835987449 0.93004736662046971762 0.89726871790164242082 0.90692293197961026952 0.94931436827512272192 0.96700888979476740115 1.0330161087961573507 1.2386779035258119741 1.2974898385700610604 1.2653988652767682588 1.0953943599617663729
0.81797694355113603759 0.74230849298458878582 0.36927059080015939285 0.18467045979980850623 0.13399925375335691724 0.14654783200317261782 0.18004051804507942292 0.19769312623114426719 0.25567542213752675329 0.31948019124502197164 0.37256697837004099094 0.39386221953535133222 0.41023529049448848038 0.38966141315930918898 0.37033602990991426607 0.42896695368453763297 0.50917632028305959135 0.49463348742295243365 0.4809751053084437844 0.52542522845962513767 0.50107186741761011728 0.53273895201146526102 0.60803483908248689982 0.637483055890257444 0.65033837180380038578 0.72248173145075000878 0.7529639547520309284 0.79851517816020634033 0.8528990760509250757 0.86625322833608897621 0.83534815713869836618 0.82934067776664399663 0.873630847548640177 0.93974573955527540559 1.1136930076919742127 1.2764398750497769619 1.2583922000175209455 1.1940683170796253521 1.1024900111136020087
0.78405105514725048632 0.68403669465886240975 0.4318994764778744111 0.21907413197384223436 0.1427495620085203476 0.18809083266694076597 0.25834279827899081505 0.31514863351094185573 0.3549444151127010838 0.35214381534105804183 0.34650983474179192223 0.36358246441892022593 0.37297181250183314427 0.37620617539725625944 0.37533135703371039993 0.36420724796469045037 0.32454232816301603615 0.28080274037616320681 0.28399542668291183345 0.38432637915572026577 0.48631796237772595415 0.54460470405804872751 0.58716105628371451086 0.65093852027983112318 0.68345681195721097456 0.73854037452181076073 0.76033546495375359253 0.77482048858106400413 0.76676463427867436184 0.74010040807822996545 0.76647737638246249414 0.77739384896807950387 0.80926497139426845084 0.93774240185902291156 1.1699726441968434365 1.2487559705397490717 1.2395399418479482456 1.1173064538985908456 0.87822749643320585644
0.75838292068922441569 0.58015206857362644488 0.36369719327162036704 0.25870206137626133858 0.29494007855188625333 0.31360867268632636184 0.34223506102952810926 0.37307707448642951631 0.4064287025443168444 0.39972002910631659889 0.36897910523459492849 0.34909602305295367453 0.32559416940279223285 0.33621447712603907965 0.36318503366291216006 0.37476902082559876428 0.3708310503252509327 0.35018026160399756685 0.37561259360584725586 0.43405711524270518265 0.50934368521859341161 0.56001131399722836601 0.59223464787539847887 0.66858647279079652659 0.71038212900376185299 0.74746020546645819405 0.76420927408294170302 0.76368708394837592213 0.72713266936564091569 0.6958098917210805423 0.6911239486306940405 0.7487428537151495922 0.8687811224430562751 1.071513929666517928 1.2357407607852017861 1.2535617878911815559 1.2067394932216291004 1.0015813480353057408 0.81453099256009420248
0.73922026203814084067 0.48323995902292693483 0.29036528258599653141 0.37566511534225127678 0.48782642015999500007 0.42625640197312197888 0.41538438376605524294 0.46158607319699995752 0.48401204251829288427 0.48066786718271437007 0.46560279466191489828 0.4235483095013382604 0.40501539048093537776 0.47087929085851409905 0.48948450534195309114 0.47005271142142890373 0.47111351918135679906 0.4583083314978341205 0.43542973025364861694 0.47950782642424216728 0.52548863661056899321 0.57423521253958453858 0.63219251429233158657 0.70204467141418669396 0.73380985170940771223 0.77494922274511879312 0.79283266213503222897 0.77973964933988704207 0.71739658394512428874 0.67142588357701538104 0.72166299372588771366 0.80186497489549923845 0.9652295690652462623 1.2118349346533117128 1.2869989264582177846 1.2462882842482900791 1.144144623874496336 0.96001530659322409367 0.85270095260524370051
