data/rofental/svf_rofental_50.asc
ncols        320
nrows        300
xllcorner    630800.000000000000
yllcorner    5180500.000000000000
cellsize     50.000000000000
[rows 85 to 101 of 300, columns 156 to 194 of 320]
0.89053267748151909711 0.89645679643188458385 0.89722516674707308848 0.89995923928687837634 0.89200793384039533951 0.88518892533130566491 0.90446391217683208552 0.90934965421798252816 0.91056724302551705907 0.90535263087274253646 0.90476328203254341442 0.90612735469267513544 0.8942609596335486799 0.90695495937384196239 0.92560366694004314603 0.92476819028203594009 0.91781185352735028538 0.90737251738501101261 0.89531636352803600776 0.92554382279485913898 0.92883447433559773732 0.91173072357503803786 0.88853069869488732202 0.89776567760942627139 0.9094824427260334021 0.92396708465301380375 0.92581924058344078343 0.93358627332860266712 0.93249127929533637271 0.93024795719127439941 0.93202411078113678311 0.91775465408959766567 0.89117201184127325941 0.87884747132584961626 0.8821953179430608305 0.90578201102328437244 0.91001998757217961167 0.90863324535307377072 0.90996759671732596608
0.88108250475813887359 0.89694506099561033263 0.90234288765647185926 0.89899511568874979073 0.89567359484437325534 0.88158447557690855501 0.8910209090170229107 0.90767053380970308396 0.90809793574946751082 0.90474991477649646665 0.90146754730856137883 0.90774855393207465326 0.90369229808376116964 0.89154548628392182863 0.92347178002565710742 0.9283237517693463392 0.92507888398600357505 0.91571601197400331884 0.89810952032759239216 0.90994315422740179589 0.92870693123371517164 0.91846562044673085712 0.90230560419608429878 0.88766845893805768064 0.90106035309475851491 0.91513955541807034955 0.91602923420568649338 0.92198081865477887753 0.92862452012623875053 0.93047209436545885719 0.93531847095224407429 0.917254358431590755 0.88718408873109344537 0.8864826755771360034 0.898496876303224834 0.92310910341971941229 0.9036246894108956873 0.88132364155850084764 0.88150502596704405356
0.88040260085312782579 0.892981952662935341 0.9038616961396503946 0.90577948812515407528 0.90009527208774509077 0.89785929850407975028 0.89644183789342279933 0.90686779871378520035 0.91097491233025018609 0.91157700163302535223 0.90884916698154905035 0.90927132677337141331 0.90938816467506966568 0.88730167004863103042 0.90318210132993315131 0.92446991508089915168 0.92598762168473802703 0.92526496144174208425 0.91975910114653958161 0.90659299936238035844 0.926413026701833342 0.92800942743664649459 0.90958491375371997023 0.87981877477810888077 0.90317624873111590489 0.9183578671969000462 0.92864826731825189654 0.92475951346917406592 0.91269727950563683816 0.90777207969927964371 0.91930338384154908216 0.91181537257323752588 0.90880229055251371406 0.91795452197215021695 0.92076356001301384868 0.92601126592298321771 0.90418064705230583034 0.87293300883588154093 0.8665748804955520912
0.86842445393710121504 0.88097298554683756144 0.89117700547495481977 0.89466297188288324005 0.8785892126764948129 0.89006392518436250327 0.89380031924864844495 0.89892104617021706403 0.9078994692410670142 0.90928893665516397071 0.91110251838194122875 0.91043556446255025083 0.90819989644283360963 0.89693725195162998798 0.88840856825040759315 0.91087565106119960934 0.92280348169893300359 0.92526735763400891344 0.92504384436102304878 0.91469857170528046098 0.91959929355621605751 0.92920228481279187882 0.91869997381352930255 0.87114838672263450459 0.88717452735968349575 0.89995921365473030562 0.9188951777500802276 0.90942702038409117815 0.89340199726455693519 0.88988605361886241596 0.9091760818790631804 0.9094699492176512301 0.91489215043026606011 0.92451541214381394163 0.91396437255517803955 0.92664725095022193457 0.91873685825924233939 0.88311427706156031547 0.86851687721577108814
0.86547043385290889361 0.8636084987042212946 0.87372336819550122655 0.89178817958734457605 0.88939317196588918435 0.89013893754885264897 0.89414380159825057603 0.89850447073152195365 0.9043954527026453194 0.91062363316761563148 0.91331917282879671038 0.91450134483282630171 0.9123514668897308999 0.91057340473466930053 0.89586284165310181571 0.89883322831558798427 0.91049388479829707066 0.91971544361955304137 0.92371075660046864098 0.92162118573245066511 0.9168054222540616971 0.92853277530046041122 0.92733911971606430846 0.89799300846863949754 0.8703195576753124385 0.89296428558012108656 0.88234605267588117616 0.88020650960338797653 0.88927983624271667029 0.90043236713813634697 0.92457726933448347584 0.91797688324475423816 0.9098040344779051436 0.90533873419943289296 0.89241026007708745826 0.89843872887668752014 0.9014177035182083797 0.88477408912646271499 0.88166231702643371726
0.84860257357142265811 0.86036379214003333438 0.86414792303771248427 0.87942181241193240204 0.88509699703342936683 0.87631223891923526459 0.87941548280594172837 0.88528615543534772137 0.89605769869230778024 0.90526381876707362473 0.91102319192743996812 0.91725808713622192236 0.91547626864895348398 0.91127149240030624888 0.90876972394917943099 0.9044387648118221712 0.90356830648464603328 0.90813137925441878018 0.91397866005633288111 0.91546282246630950041 0.90751088629151710485 0.92665532355636015538 0.92955511849547123315 0.90605644291535369916 0.87077958190968851593 0.88308717654274415665 0.87888876054770936896 0.85263097924567110564 0.85885597334038898953 0.8903329220694291557 0.92205246930576378883 0.91487682384549351422 0.9061967014767261519 0.90508741579269225142 0.8892398511198487121 0.90278210742349707107 0.90670451882618940953 0.89690092472197691098 0.88456294581325345394
0.82817524287794030968 0.85886761546742729223 0.85885183361510142319 0.86485762649662800694 0.88347105328303909832 0.8813274881141883732 0.86627666980620632309 0.87048480265531258393 0.8875835897606755287 0.9003253013333927246 0.90559659030019146186 0.91531671626793853491 0.91226977869055025927 0.91161988388952408524 0.91219672539965168667 0.90793166158577520708 0.90941692633760540243 0.90641774617147197191 0.90794383095921560312 0.91142040613200892007 0.90991776229641530005 0.9188930559543690979 0.92731433649610317538 0.91925237782393998121 0.89042115388074782878 0.8756327759065730687 0.87697413105155486157 0.85668384124639751498 0.85275813777086828527 0.87765130001531466153 0.91414193655798448024 0.91414053998082500652 0.89562116686749704275 0.90427214624575158464 0.89125328363119571407 0.89682805396406273246 0.90631459827065818935 0.90344658524547760692 0.89401491259755561103
0.84644194156334717771 0.85786680634510048549 0.861126650870326249 0.86822323452447702774 0.87980211485518500236 0.89036834530010644517 0.881558631003865667 0.86996136858871497832 0.87609013444356120814 0.89206643086608472526 0.89882900748101945965 0.90756052169355094783 0.90513072247300341289 0.90706101803360561497 0.91092892542382086774 0.90816110516036352429 0.91044224978132759496 0.91212192122427204755 0.90877813641042315407 0.91323502875917172972 0.91422684395636011345 0.91777105760667454515 0.92397641170417399437 0.92327967747785366637 0.90894080250593212167 0.88841785041842491477 0.8784811979895263967 0.85989518449289703561 0.83353563388165285986 0.83758386694390274396 0.88878681371177292725 0.89645405012540280154 0.88321669315338069417 0.87762401806024703532 0.88234339160669306157 0.87588712017393488551 0.89368323091661339141 0.90272167027466976297 0.89519148447067264929
0.82857184075093537334 0.83956837365852665656 0.85061991828384708736 0.85518681581216149379 0.85510489273110734665 0.87122502706474325151 0.8893027988394303085 0.87404543260924738579 0.86723779750116192222 0.88369499936132267504 0.87988850060128187547 0.88296090028289508922 0.88086026233534464591 0.8857030277578641364 0.90181790678804196748 0.90816544283330224996 0.91071442689871018317 0.9139038450214450604 0.91019946991660050095 0.90992138537092215334 0.91307289577606964848 0.91657458451810491784 0.92285471461331980425 0.92425818393849334953 0.91576016469552401489 0.90295593819365393973 0.8850887798273311402 0.86291932706836327327 0.84478846445289468292 0.82816419835272470085 0.87981395071105938932 0.90477839606320131782 0.89880379319467484933 0.88622554560008104385 0.87268542658366565767 0.8503539172807120794 0.85828364440384963263 0.89452125983706365364 0.89922478723141097134
0.83005632437056187101 0.84421227887528227374 0.84735762842939155171 0.85696054053534209682 0.86209568717880880051 0.87316861936331169325 0.90003935478750229926 0.90338119349005863157 0.8961924520093056401 0.89631560738679860734 0.88090659795478643002 0.88389251155175285746 0.88085805772860625851 0.88166236238594863917 0.89495793563868808462 0.90718586801352019133 0.9108365784134142551 0.91375735997992313386 0.9127109055857722808 0.90925356516443833765 0.91094573938373080146 0.91665473070109504405 0.91947247286865541049 0.92394999208931594126 0.9218250228877118424 0.9111768597986856788 0.89554789701085013576 0.87336149126251372277 0.85690884241825959755 0.83330362689407411203 0.84499711911076647031 0.89412792541171015603 0.90333686366863163997 0.89702928891144850798 0.87861892234584937356 0.84822598766523715774 0.838753735122007682 0.87939478019866479386 0.8861676506678924925
0.84061315261327129722 0.87755758658903848524 0.8993601009966892823 0.91507737633939278954 0.91491681056760654212 0.91165634768665504417 0.9247910627264813721 0.92549985683611701859 0.92620488142239365548 0.91055602701778759478 0.90149888799051902666 0.8868500310907290185 0.88490912020181855535 0.88224025889068169448 0.89410083932790973549 0.90191477587914137271 0.90969270688961201277 0.91211487432630888872 0.91361704323521975013 0.90907785601001611653 0.90958297698074597193 0.914616254775848736 0.92119467693048262547 0.92406739421227612752 0.9219181873381719905 0.91311252034375378628 0.90055935353255678333 0.88975154605659867446 0.87219512327499826299 0.85112738073619154111 0.85112329913925011127 0.88201227148058825023 0.89488456967713503332 0.88531379555844169627 0.86232941924231942821 0.84687290555639316292 0.83681879978180384594 0.87430181038021625994 0.88191069331072691195
0.9232611841142924769 0.90986764685824839116 0.92028665807146703415 0.92372884153080847547 0.91316499612435841904 0.91031496920293486497 0.9235885414928427517 0.92294412708157202996 0.92956179263046068151 0.92405219773232416536 0.90794350024706416136 0.88163982287182418585 0.87742820265676446656 0.88407075507594301556 0.89394352218781869546 0.90104317882155349206 0.90761193124876626825 0.91178084557715932679 0.91400687143392511658 0.91460613420299496923 0.91315572971403802249 0.91461800570808804434 0.91908913593329499836 0.92339571584642776703 0.92165549657308654119 0.91764907426987540884 0.90798754816552618152 0.90100372413793317072 0.885284496319849179 0.8667315425686837882 0.87151294558935521462 0.89165435921285995935 0.88681274042908231348 0.87688614003051312817 0.8614014408866386141 0.8445540600863228331 0.83878511055364302074 0.86946671616622617229 0.8930683999267424733
0.93465147209137589002 0.91364608228158572523 0.92068451206697821121 0.90960695102388966493 0.90307434829687416311 0.91093691616439420589 0.91449648509054171086 0.90508067993722407518 0.92481936799609976152 0.93386528819625447273 0.91203979076874119869 0.87421788628047658598 0.86800861929524586458 0.87920668317203021225 0.88478432521940542088 0.89563796703120368559 0.90525124607434348523 0.9109961406842475018 0.91397158879857143265 0.9153472838969265446 0.91431909064103322748 0.91483363745051304861 0.91596391776713959043 0.92230678057197978958 0.92221909853842953808 0.92126781780677546863 0.91442302857028401331 0.9082123759138297503 0.89861635374267478937 0.86969488031249264637 0.8799046903310775436 0.9005447643350736886 0.90115697407597650237 0.89258566346609491404 0.87828698072401678587 0.85180838143409498553 0.84333213875420820482 0.8388883754324152342 0.88164955701833824797
0.8891900823970034784 0.88019865334723812467 0.8968401392187617116 0.89798000530566213229 0.87398569522450553215 0.8862948487684469967 0.90486817108145778388 0.9065515294257450174 0.9195529206240503628 0.93537884306548102487 0.92924803407676970224 0.89180401880982529406 0.87520221966815725523 0.87517837566206635458 0.88228978892599463357 0.89238519437852836802 0.90100287191121408714 0.9079599432885755439 0.91304353009845817812 0.91448147277516667053 0.91390005067146218298 0.91477931333370632316 0.9147818230968264297 0.92010203243506105686 0.92195156225467855826 0.92050172855390799409 0.91630309257373498966 0.91198345467437746947 0.90365084225776803883 0.87234410267614637124 0.87421729229111888593 0.89848990103362980086 0.91028872475183675306 0.90011017038467577844 0.88126851856788368522 0.85396245816444371624 0.85366815503084092498 0.83708731320793638986 0.85924126197831973695
0.9102793153837259732 0.9038322400834378767 0.90820174094659023023 0.91882819188005804278 0.90213470569389664355 0.90702096229370410274 0.90624492536692380362 0.8910041880684027582 0.9173255133669145911 0.9327166342052282122 0.93690525338389618604 0.91570178023057513528 0.87822785414037285445 0.86943234960066329009 0.88045120107044794189 0.88958482919345704953 0.9007476566339557289 0.906997263703537282 0.91177867296104586625 0.9148574538009646151 0.91669338761007579386 0.91653657110003472486 0.9173774998098518374 0.91717640300744052162 0.91713933736264330321 0.91934935973835807399 0.91581474804785989452 0.91500350329085500256 0.91115962741548151005 0.89423127226603282836 0.88290915887433285558 0.88626083637300767659 0.90555913810471899694 0.90393282300237687288 0.88806453922557027081 0.87144952189850588553 0.87227187453561139119 0.85111429558476570101 0.84534824471027825155
0.92977922266589141387 0.93465986365881503772 0.9300821508854694164 0.92741823724611427426 0.91324828046009975946 0.9151470031526854898 0.90047338619207240029 0.86485724520010898164 0.90877176030499895454 0.92350600738162269554 0.93161964521562823371 0.93222875911838520846 0.89462801418220594396 0.86439090080919989134 0.87852216352206768946 0.89244367049144934789 0.9009192279158924066 0.90887023686106660492 0.91120411882292962069 0.91390131730274448696 0.91473894655243626062 0.91541246674128495808 0.91535901632945104733 0.91395726599884263841 0.91162615382113010298 0.91574282214829649806 0.91495590895781275798 0.91521634700007559182 0.91601652506844510881 0.91098406433543133165 0.90120451959630087924 0.88917488183460013929 0.90003180760093448587 0.90590785761527725661 0.89543391997026100526 0.88390505549710740585 0.88489106579990606249 0.86882605923841704776 0.84632972799774186523
0.94891437054616134539 0.94806015101811369483 0.94171199701570118545 0.93429714861698365258 0.92150342056115164269 0.92366013411632208463 0.89725353343004299322 0.88748129021819799345 0.91341324016691116672 0.92587842187013214001 0.93577397786454830086 0.93882000554299571693 0.93614129273644763884 0.90768927784921871194 0.88995360577608351171 0.89390293335130266428 0.89854852912870208925 0.90810046163297952759 0.91114393192918674558 0.91396049581224714231 0.91480726760211694693 0.91636905309050520341 0.91597124320581158052 0.91209287302569130862 0.90768503651812160182 0.91057632202321692194 0.9133276396701853761 0.91373822055302056366 0.91313379776389602682 0.91319067669566011958 0.91229677626999416962 0.90794591646463773671 0.9040148247148572791 0.90820230205891450126 0.90038899164224139859 0.88324938742366343458 0.88623111127778153584 0.87511254253008996518 0.85726533167079177478
