data/rofental/svf_rofental_50.asc
ncols        320
nrows        300
xllcorner    630800.000000000000
yllcorner    5180500.000000000000
cellsize     50.000000000000
[rows 272 to 288 of 300, columns 273 to 311 of 320]
0.87776369290412592505 0.89638281768797589688 0.90807954501623910915 0.90947084158233382212 0.90838992446421251703 0.90813096779892688026 0.90949630811247950124 0.91129143873673135179 0.91099939894175330224 0.9113916057292501538 0.91186074988981402623 0.91190086827648009216 0.91218287567081846046 0.91393132467645921135 0.91372019664668380212 0.91198062760860265641 0.90750728970199134871 0.90340101050621568479 0.8979179370935688187 0.88632653626778890033 0.88216804969406426018 0.87735561451827026591 0.87062535566078802507 0.8614831154300972571 0.83086111489295122468 0.79619918601159644922 0.78220643149107249581 0.78116951975212700621 0.77976067194042242292 0.77720023458080478296 0.77749338241573318076 0.7786960798117643634 0.78136629831128734391 0.8174494665317149078 0.84555966662733506034 0.93567057338110315445 0.94188405801380570281 0.98153900771710189677 0.95401898034742971255
0.79946115628712677292 0.83134951516970101437 0.8621752342704331884 0.88241824144575120581 0.88326087830274480073 0.88698783836207817366 0.89148089460682888863 0.89251885623708793194 0.89501381349407560517 0.90036437133300295521 0.90121113970469890475 0.90253655487926742751 0.90172619772137763139 0.90344655922271599469 0.90335449520066291029 0.90500284893075544357 0.9012055990362378699 0.89052252040201196337 0.87801418860309365932 0.85513909610200544709 0.84067254587233275487 0.83392567855940513688 0.81746738226905635294 0.80496426333701232014 0.79595119512397161099 0.77608253722736753044 0.7713764509507468059 0.77807099206697205585 0.76652193565973303357 0.7968276126709743501 0.7983104660024479271 0.81008354704875662478 0.82211124401150414975 0.8486156583991516511 0.97840115882334799391 0.99904480237849446755 0.96072450642090290174 0.87513720288509722067 0.80086039693204946754
0.83196964291764152755 0.77372682134521708619 0.79324847890383620719 0.82644016896348326817 0.84509125625070824483 0.85504838112876768719 0.86369563137028726452 0.86829678559884515554 0.87576301174617932066 0.88235513406235344114 0.88826030803279121262 0.89109225038208017544 0.88922251500190618856 0.88375332825835883899 0.89039491311734009216 0.9042414253739869956 0.89171976036329303472 0.85626880836084218185 0.82984647559628943458 0.80690235511111374489 0.82841097634043936448 0.85712595956635706518 0.87396386478118937013 0.86544399268321325902 0.8889843140708781899 0.92357903252632544966 0.94644287577466768013 0.9500697090231633446 0.92955852736627619937 0.93064168535848323938 0.91885477059680864542 0.90974413307000134843 0.90919037530722690565 0.98497090381156660044 0.99969541350954849168 0.88772928558260977283 0.79068473642842262983 0.7929937087311537125 0.79288662072338977893
0.93518754309659968271 0.91435498153686822764 0.76896450057138310274 0.75614806574634330083 0.77294772140451906139 0.7919132917659654769 0.81935281754479871719 0.84235508614934184735 0.84895623623319105278 0.86795657249854429871 0.87582695010269129288 0.87834194948487454013 0.87509857987321570949 0.87624147215853509518 0.89523234726682032747 0.91339697308755285476 0.90760135053069745936 0.88692217430445408066 0.87904626438469868344 0.89319127335929726641 0.91230262697105546366 0.92768494883936214457 0.95146967926759651313 0.95233620194419921212 0.95258506561091904619 0.95199051364751363646 0.94803908724554175613 0.9507082908090411788 0.94906539171574111347 0.94776321349990488851 0.93114741039517689991 0.93475280650081338241 0.98391168737414091972 0.99146100387928248754 0.90844325615010901309 0.79981334925466862629 0.76057963964766150955 0.78407927280373435064 0.79879453664692467996
0.92736199505840721802 0.93309359677695824509 0.88677318723490661245 0.7870211635516045634 0.75244595286313520344 0.75499131445619893643 0.77488902855388996915 0.80526550765861892867 0.83101282396438658218 0.85357979100502490155 0.86852920201554739688 0.87438558620066297866 0.88492523523697530496 0.89549536185213740591 0.90393244660706750793 0.90950809756069128653 0.9113894855722881605 0.91645881660860639695 0.92138683264319221067 0.93282906487126482364 0.92964699523385774249 0.91961595610753277263 0.9133511649754932904 0.91749222667392493769 0.91142548155949631994 0.89966798608663844927 0.89267564003466126632 0.8796884305549104166 0.8639305346829924126 0.86746752971020868461 0.86870753420615820506 0.90416484843950739592 0.97894304297612344534 0.9192015923354536211 0.81507581277670793085 0.81085346842803429634 0.80418492022621967941 0.77545902132951383123 0.7920905335695226368
0.88904854967259239196 0.89115543270321695424 0.89026485492467699601 0.90724672900428715572 0.88441832007528864423 0.7877918197899854702 0.7491659648162029006 0.75462384541242366609 0.80959666952155084907 0.8372559929694803893 0.85207799892611169046 0.86589378205499534236 0.87918903270218529133 0.89068983558386782828 0.8975174340648829352 0.90198523976589839446 0.89883534574570744802 0.89605679354115741475 0.91484642659019088651 0.91917071525694582501 0.92124312183133150178 0.92732907043174328532 0.92373550949947835775 0.91710619773187274095 0.90345568275446141993 0.8858564292467167034 0.86621273251593666753 0.86621823809299058894 0.84379116372840123894 0.83605140332349892063 0.87744934406906649471 0.9421650298194790274 0.93831780201319481272 0.82543328358532652711 0.80005767998868415614 0.81838235555721783321 0.84431997547467219078 0.84270116283836526971 0.81983555838546007255
0.88894605257451031477 0.85651791735304172448 0.81317546151907893481 0.88963706296709788024 0.93099420721751358077 0.85016026314141301956 0.77009309616758581107 0.72724902505593325142 0.74834880873491016473 0.79473562026616562104 0.82241092697519668775 0.84239764728283195172 0.86337570685876052767 0.87484584808158560865 0.88391432635242583871 0.88751918843659138858 0.88657462539781339839 0.87193203244671790841 0.89079831024732136768 0.8916563770145174983 0.87673321629029921098 0.88452931045823568468 0.89113779695204398124 0.90178614309600269028 0.87968346828106736002 0.83662385286556395503 0.81569704555091104847 0.81639155985149569617 0.84514429781349487136 0.95022892863273311637 0.99028237532127660891 0.96183126423947051808 0.88813190602849712008 0.86265418441700247865 0.8252979956325673383 0.80483382099659039888 0.82375867048834006123 0.85080164854015227771 0.84895326735261233964
0.87072615764154581708 0.85358423529611160419 0.8073881014629712416 0.79004206383088071419 0.88645455782473825401 0.90211880680612566152 0.79569156405926144693 0.75961262353747893705 0.747588218623861267 0.75496853090189641744 0.77706178839151995863 0.81815577944571937774 0.84602566741936247041 0.85826903438984158967 0.86882637147451835524 0.87752084056246426602 0.87944962959503325539 0.86452282607121244684 0.85671220244837043012 0.84645966727961186038 0.84126300089291583539 0.88605967417422060173 0.93019955154523203955 0.93054641311763852674 0.89870532797272417724 0.88038785907495709093 0.88911540850221415511 0.96165719888393297321 0.99503570700665755489 0.99693269252193261742 0.9638576580933931881 0.83867546811340654145 0.87799412967093293236 0.89341355944701439373 0.8341167182542212899 0.82148867549635395946 0.82288850036573646385 0.83048103063180311878 0.84659166934959584339
0.84636506689179824559 0.83802993844509821031 0.82404378803087707794 0.79374024485147987029 0.81413431275272829524 0.90138324954431192637 0.84025147979762015993 0.7714919443871355309 0.7597219588521304523 0.75737727834507750924 0.76774529844121042199 0.79736756912192641167 0.82322573652528430177 0.84106548470181397015 0.85010452217048648738 0.86598396503324093221 0.87896557303663036542 0.86808229657241786636 0.86453663794149038235 0.88765362249784263149 0.90805314688215732488 0.94064664425685640126 0.94600969399155410144 0.94111381686048134476 0.91814884560704534966 0.90743626832978052654 0.98896917474718515351 0.99688034643867728946 0.97792685003418000633 0.86629128523066933898 0.82034283901131721528 0.80639379303188585268 0.88186210981286261568 0.90940691931545947213 0.8371719248313734818 0.832151050520033575 0.84816061258701480607 0.83070929407699412028 0.83668155106145492006
0.81085974677364236474 0.80256840006516549924 0.80552855710318094218 0.77665621540592200134 0.74743848828929404515 0.86450615757185678145 0.88425246431212545239 0.79453602934255951329 0.77616963530578431119 0.76802590890830790826 0.75876507430844941648 0.77161600151643616741 0.79033479750985247136 0.80634037409543379837 0.82580183281905028547 0.84980670737458419151 0.86760137567321049534 0.87798865586110264037 0.89043566034340082549 0.91506515298437107742 0.92288062023683481438 0.93539651382117428025 0.93664714301118634499 0.91631917075039637233 0.88190180360890824129 0.88963748283818866458 0.94139829888020210014 0.87680843106689243527 0.82704330687771387964 0.77916787814390608968 0.79591113448661843233 0.79300066621909115483 0.89036872787774212767 0.9037295956205821934 0.80843912238942339243 0.85343653123054641352 0.84729733536808660155 0.82294034061922805012 0.81051840856887935605
0.86429519914606012243 0.81088118846553891572 0.76538820507471028165 0.73411734957291363557 0.69802212887170211886 0.84542980344778273505 0.98918764529041225408 0.94141888257932615502 0.83966155728926239465 0.7657138486596524185 0.71333334783237545285 0.71357208423853346613 0.73612425484253385388 0.75172829090221271464 0.77361918158153419878 0.81665120903399823771 0.84404429859736185282 0.86386462245406081539 0.87532003871901686853 0.89481010720375031564 0.90977623271917296144 0.9199781846625789683 0.92472860714297366869 0.90095231864781233355 0.92061357865252391175 0.97681137262687045553 0.90584972961479415243 0.80253093419983123624 0.80042523765631001798 0.76026641583140508462 0.74935810477863795676 0.75954186904998222118 0.86604844770559086253 0.85234325369908148229 0.77636134609611395785 0.86258206985007612744 0.88445770171227344747 0.84149694776197725421 0.82409934005661511502
0.85929661086690323213 0.81585954600864174502 0.75469256390172112514 0.7824054584361709308 0.84752892449048311541 0.99261548576300917546 0.99869191123142009303 0.98304433852081829492 0.98534512766249571225 0.91596229567606934907 0.75334408109611983306 0.69165165701022246481 0.69657863814270692959 0.69023257857188868858 0.69974477152082981135 0.7593853311336732359 0.79384522353458009114 0.81902747359983019138 0.83239296070362134294 0.8443144128923782965 0.87012530591479508857 0.88983303072291342062 0.88758787220165080711 0.88534078911863789418 0.97507386485318248148 0.93989808531995266971 0.79108424634478868853 0.77943046528126025407 0.76960404561274087243 0.73709533742225530339 0.72627637223723851001 0.73672100735711276709 0.85264646976519520294 0.86608297124256128363 0.78566181071430263305 0.8474301921893351297 0.88545494128325386018 0.88915492011445296239 0.82490333226507961406
0.78832892590614478401 0.82968732569932912568 0.87107973491786561127 0.98807514853740030514 0.99950108448276586692 0.99477509619873771829 0.92529969421337932012 0.92356730680613474682 0.97998178859905438198 0.99475806309181080689 0.97079705191913390205 0.83892320330859027067 0.77061195245599878323 0.75251479157859413327 0.7504320610452124285 0.74645071491212722226 0.73562374448678069516 0.75140621688521658239 0.76859308882096810667 0.76255463566411407772 0.78562521160315001989 0.82348251581491893614 0.83721073833624448657 0.94189866405837485708 0.96668822580035951297 0.82024093041372925228 0.76758865664836961606 0.74418868109515401432 0.73274688797408282781 0.74662723606925185393 0.74512730736318988356 0.73959937702795341963 0.83978502012547084909 0.88870766002879419965 0.8339072932037148167 0.83763350473331443791 0.81916159349058970118 0.81255312352673847442 0.82828962425774499412
0.89635392708342820356 0.95875566990406413392 0.97790024135120945381 0.97752037185063356262 0.9846896233062918391 0.91081097087784435029 0.89788935827271088019 0.93195278606057696535 0.93557172600228222237 0.96547421240132713649 0.99237687881523406475 0.99908717798851087721 0.99595710409889848247 0.96266253135176094169 0.90019439140947909994 0.81761068411619686191 0.75335459411772065508 0.71839571610616681507 0.71636938517363468737 0.69350152854095936661 0.73730898716497117462 0.80307360518217651979 0.90614447303756562313 0.98054348048193162857 0.94600913809290654299 0.82689196420553989775 0.81818379150192288574 0.75035905774603128826 0.74964325649021290587 0.7650527241920737076 0.76565833224573809357 0.75278330859974251776 0.77719556401058065287 0.86748011905698252377 0.89286048482894109224 0.7661045646536943643 0.80045984476074061309 0.81040746450449274718 0.8262848073747414146
0.96411570516566669209 0.93171350497155225323 0.90668961292852812139 0.89790678228064868538 0.91738054945241787053 0.91667668859763096201 0.92961212213298927143 0.94382223459135616839 0.940456815340663832 0.91957970919377629571 0.91528001248759316422 0.95865735192347123483 0.99753577600571396999 0.99865820130280702482 0.9962421071735462208 0.99412124158942516416 0.97869749742345490962 0.93422359529718002058 0.91168465083478389399 0.90574531312904404956 0.9406827238559879456 0.97655519655415246039 0.98526212491368569957 0.97132534597098973972 0.90838911524373067152 0.83026345510057930621 0.79645303587984328519 0.75511728933938782049 0.76310190174445802214 0.78088190552281500079 0.79252099576832224503 0.78466889457305977196 0.78470426745325427831 0.82106102165821270855 0.8722771281505983243 0.81182022963049460529 0.80988164788587158061 0.81731289418963370963 0.82547037664404010471
0.93756445434421165075 0.92522125289022894012 0.91429971500829543274 0.892635306704969822 0.91212961035113560015 0.9307444032411490431 0.94233457181176893958 0.95079464293291471311 0.94807352695135649334 0.94377937028863301272 0.93256913027679055883 0.92758629480023990777 0.94461398405086649532 0.97382408829771049952 0.98431700668433252943 0.99091450803885172682 0.99304037179782289613 0.98915217561862356366 0.97671083441682549076 0.99940036870003057246 0.998758136316726719 0.97770267514573128143 0.92911295245297254031 0.90196509704907612548 0.87707960565297349298 0.84566625022712360593 0.83565740958298151408 0.77799341339592809064 0.77306203285375341139 0.79839419201162808992 0.8116437655350106084 0.81679545226715666306 0.82727643600976930038 0.85054878154174295979 0.89894803269199152762 0.86058042492692266023 0.81186009463626962468 0.82873631554144799871 0.84508390361973872995
0.9561132398024491108 0.96008593302498446143 0.95248247130116270309 0.93925088049971217075 0.94351099274643623893 0.9489119783308019862 0.95613224519717354699 0.95602420977327973173 0.95753956964797859452 0.95573453248550799266 0.9572061843484885868 0.94973383768432206864 0.94678218961218085781 0.95830026525185685315 0.96902703277277069116 0.97065317120887018021 0.97389299438970566847 0.96686043909388930118 0.95404619330599260696 0.97763226441626416285 0.94198130531595858361 0.86006788582587934133 0.87911544396494034626 0.88362821989707518444 0.87680871814719985036 0.86490677363476398121 0.85429693077291724013 0.80468592076495004672 0.78036992752754619218 0.81019553013463585511 0.82070381928757429879 0.83140797991174852921 0.84701116083354088815 0.87276265641349803914 0.90077657309260494856 0.87113224030479763371 0.82709710271066971821 0.83617534500150547672 0.86247983329443167477
