data/rofental/svf_rofental_50.asc
ncols        320
nrows        300
xllcorner    630800.000000000000
yllcorner    5180500.000000000000
cellsize     50.000000000000
[rows 255 to 271 of 300, columns 78 to 116 of 320]
0.91665343377521124602 0.9091672912597265066 0.85179218627746988712 0.8280534707686426632 0.86793922609418683312 0.87769515435987699448 0.89118927350190724201 0.9156832982600080495 0.93165770490395238834 0.93348106723807822149 0.9252567052752157517 0.94083315134375966604 0.90928948613838422865 0.91379097764049654895 0.92366810711294400349 0.92034021928133802337 0.90446218307806069969 0.8734554648906274199 0.88897120135489293702 0.90378416850421572359 0.90524352276217812108 0.90770218042961581251 0.89685486893274501963 0.90780102829286901667 0.910090243272619559 0.90958210446738840815 0.90786726376747550749 0.90414529116333086645 0.89514115373447034063 0.86704170727233731419 0.85589052771766538363 0.85119535525496259343 0.82248461776029324621 0.76224153890924328802 0.79363471396559581716 0.90567959056239877302 0.91617044445367390448 0.93760614759363347659 0.95424498703679538902
0.93634059946466408064 0.92980369791128103518 0.89797923835112669622 0.86283172940346875013 0.86806456349573890563 0.8358365370955889162 0.86395619681817314994 0.89219302627232821568 0.89351583707167969717 0.89855725990411372539 0.89608687955737309494 0.94196336804825486766 0.94619268335248285506 0.93566468288830073607 0.93689636260892728004 0.93418697814106943511 0.93157730218960610458 0.92294289989278643915 0.90674401533452586577 0.88796951112608724088 0.89907416720874577809 0.90662892347025603179 0.90068145172147340283 0.90731325864106138201 0.91023664742317700327 0.91104848924359638218 0.91125526434105830198 0.90804088506626812194 0.89911474268235069829 0.86750723019872055808 0.85150328758121451855 0.85467367323417731129 0.83463396218317364994 0.76801425838001813329 0.76575433540844417557 0.8380598318265338742 0.88272177117143924008 0.8913161974248152708 0.90516528545570329456
0.94226429341234962944 0.93958288839449721763 0.91263498559540956467 0.89062821272228653857 0.88232039345533219699 0.85124621427925806216 0.87751738386675093295 0.9067922061717015314 0.90241467598909386183 0.90894561965573195117 0.90059581295049462302 0.89880352512695493861 0.94596841073061299632 0.95045082626940080583 0.9445262377624461525 0.93309193494380437972 0.93013185580971502464 0.93631677645923483411 0.93365968001423460532 0.90075237447705680527 0.90494082114879681455 0.91180633803192301379 0.90609394741415705266 0.90651720321674822411 0.90825312997749485522 0.90426692238014227954 0.90498405684260907478 0.90397438063950752429 0.88606132249768565501 0.85528011762354183567 0.84071035453315223762 0.85315313563742567471 0.84634878167331650811 0.82479735522174990603 0.8383712657726809514 0.87088507539423221093 0.86533316984422881113 0.84945306068147286016 0.85139135132702192799
0.9490364492412055597 0.94878084618159119756 0.93263869383718955852 0.92968371081605483131 0.92863802515089366452 0.90765619086754811828 0.90871096552822117065 0.92156234927235991528 0.90940599188443116407 0.92073553867389690275 0.92435730265479065793 0.89963520405209707054 0.9093927783707594914 0.91935633278933182044 0.91801774055422646903 0.92058719849365289178 0.9393602479980890374 0.94651406271465710063 0.94815218131917056166 0.91722167407717158927 0.90417104659848135384 0.90457131433325344005 0.89650914707906814716 0.89920361662579706419 0.89828877188678368793 0.8926895638589024129 0.89061135107991185045 0.87766060643579091316 0.8561152440625461324 0.8460617640340669654 0.83835037676662182982 0.8342890290123007313 0.85721349198962282223 0.85581852723724294307 0.82793767654901906372 0.82061227707791262187 0.84474350716071977541 0.82389536569774679542 0.84321061770715000083
0.95939087706484316165 0.95720985822372739449 0.9493805148701580654 0.94275782635018623434 0.94278213138282296324 0.93171690756377834042 0.93070235468320616778 0.93426528533358110806 0.92421463550236460094 0.92358913890976213068 0.93576436509364391281 0.93335953733580068192 0.90969033020473177853 0.87881835378920902802 0.87381890108500070991 0.89136657333190760788 0.92942320058633698387 0.94978192148752427215 0.95434089544613187606 0.94602750522458300964 0.93012433053486276435 0.91615379287998677249 0.90192158518434295544 0.89035666098745691599 0.8743314407853239878 0.86325330975110725618 0.8722494832764278172 0.87182178274281585395 0.84915088355283618871 0.83837843390645327979 0.82424799771423318262 0.80692393849792654059 0.86292158241258365425 0.86347367049272616413 0.84757201031062090468 0.82639295067618478985 0.82659177853448528861 0.81535160965171216141 0.85902331074593785143
0.95815463324666161338 0.96452522413080055141 0.96272577786244106779 0.94964403676096464935 0.94560021916501291184 0.93204139772860949975 0.91639679825857889295 0.92265677358244191364 0.92041908614923018117 0.92196792766510327066 0.93849906658450266139 0.9447601879568412464 0.91846001275736732783 0.89186331905622040495 0.91523055646413831177 0.92765990367020401131 0.93246102846262290953 0.94373026633435030952 0.95461563568293328341 0.9483675136358081792 0.93271409853722275773 0.93798923713122972501 0.92625498894845614828 0.91361873624144129824 0.89350621926589746113 0.86115571015441050307 0.85165447107006042593 0.85899470539708089323 0.83758213783384016793 0.82448338527665687714 0.81743927410157668501 0.80438820297166868656 0.8641435898901036472 0.87112914419889131423 0.86563189454339828366 0.85387853252377921009 0.82155420773384613131 0.84383197565350176461 0.88795828393435216608
0.90904351427007590303 0.96351422759327498557 0.96705104430878263688 0.94697569166464190538 0.93372696384232989342 0.90872316796143293161 0.90046874586221037351 0.92023019720823617806 0.92628964825688364648 0.932633885866625989 0.93978220112998878122 0.94514633143474546806 0.94076618428305691655 0.92419405880715266299 0.93826123665436866883 0.94056067260092923732 0.93688574134086244349 0.93967629485814285761 0.947182602967474363 0.95007177158971289899 0.94302846237533644036 0.95148008538088235664 0.94607460432535384065 0.93886146833754147156 0.91826749062647605726 0.88684836962561086615 0.86026316072549002811 0.83019117780258500083 0.82017486739164047194 0.82318780694659388075 0.82536052804277815209 0.82621849641607569836 0.84060680179666846801 0.85601168012654715866 0.86157223687675843493 0.8519038084262177124 0.81219772184250271785 0.8248563637445053276 0.86588436464790130564
0.92183868589547257599 0.94918275571292776149 0.95509238581270849977 0.94491334030487239559 0.9336787701072082335 0.91328792691188942499 0.90931455088195334291 0.93166828336581042347 0.93892410811766524592 0.94069448427732860196 0.94005314945491036394 0.94230869590072563469 0.94544849510446249408 0.9344657980526349661 0.93822948851217680133 0.90298885169613996027 0.90308784706977129897 0.94216842957439339568 0.95068302974261564842 0.95456988934395226032 0.95122347073776780668 0.95178237595537551474 0.94322838846956991166 0.9440598937020896475 0.94025758771360967714 0.91974693088512660122 0.8840907637450964307 0.83019185603247247496 0.80386503733296899021 0.82029651460715036215 0.82616888810488242623 0.83550731011188417163 0.8389918945221199742 0.84178595869546135599 0.8310555907088813532 0.81023882761489862681 0.80928180326900400754 0.89165512312201089529 0.92499463114047431045
0.94324512739829813324 0.95517712902351192827 0.96022796165254165057 0.96407579507782104056 0.95592867728411212713 0.93956738816068197107 0.92374566690794301937 0.93106185963961018981 0.93740807894269628786 0.94283022892929202463 0.93984555113828482931 0.94150248872816932888 0.9468297364884133982 0.94659685568806983813 0.9439242990675837941 0.90148249079083209168 0.88437909504959655305 0.91749094423621846417 0.95297099166731713549 0.95507981907433192603 0.95034848918767833581 0.8903805312529790017 0.86839414682994098271 0.89250914026524008626 0.91293849942666427388 0.9129346853399101791 0.86342079257051729257 0.84181689485315758237 0.80072181182506940722 0.80617032559054579988 0.82297386098062352833 0.83321181773229191503 0.83776262482900820672 0.82656524947013876314 0.78312506324209518738 0.81246613630439856735 0.8614640829210111761 0.91116158308260586374 0.92137830096831485616
0.94951724313795715648 0.9471613648527402729 0.93955181957976663387 0.95149762123457293228 0.9528410358801107094 0.9389709850750043163 0.90383504171522643933 0.85707753523876828439 0.88491031072972425875 0.9168866547430920555 0.93882045210901110543 0.9471273228714616188 0.95030446375533750292 0.95170886649177766081 0.95015100927661444441 0.8966631126985653566 0.86865113428677842577 0.86952284056131401435 0.9069290851485474203 0.90591959424343215801 0.89427761109562675657 0.87738781576134583506 0.88034896032269449595 0.90304117792561577893 0.91263433831490403669 0.90066579923530276641 0.86019088113621955394 0.85690786450386058348 0.8128729446509326273 0.79551242442704372948 0.8210544941984810885 0.8281128557340419194 0.8162776859131273266 0.79115029786997326244 0.80001960036054875491 0.89379919281609199189 0.93083663327752452776 0.92898548952653969835 0.91499243281296527286
0.95646536972564577539 0.95433899570644997734 0.9546734415248570027 0.95776362209606480391 0.94706679663039727846 0.93433733542061270239 0.86750669214490871983 0.84449692314584734465 0.89850702181429398241 0.93378035050098162628 0.94522272188498901446 0.94867581223120667211 0.95093350735983106503 0.95391265831616522952 0.94665545850626509061 0.87416949301149271534 0.86560320675469681895 0.87237633731816288662 0.85323450455516036683 0.85222999140372079907 0.8708617620537009163 0.90394004115343817851 0.89526902487291259991 0.91006393191017920241 0.91226011887336788675 0.90092870819102344182 0.87057373931574599801 0.86593512286724871885 0.81864413706355576572 0.79781935746250054464 0.81805214916883917109 0.81880838174687908815 0.80111340111341400316 0.77412094640425521686 0.87768550280441837153 0.93030178286778897334 0.91900791281095606244 0.89807409836190954522 0.87642274482384796563
0.96054439078672793073 0.96240200639601625188 0.96332404269255911267 0.96381077961271188759 0.95802815272081731646 0.95285176957610062676 0.89529008002257193244 0.87703334528929077774 0.91402980774932074404 0.93915256331982888138 0.94764615951315311904 0.9522471428575138841 0.95350479406174259989 0.95664242845151647998 0.95483106764582792447 0.90483171013430974128 0.87752645125747341659 0.88473029467403940806 0.8806739996287915595 0.87922536316587507343 0.89422959139673940943 0.90290420922645664437 0.88115798698810976486 0.8949257901684839478 0.90248692903727578685 0.89556451198225295318 0.87204030253306052956 0.86411199830986573645 0.8236477213125503738 0.79825109180999165304 0.81333414092786970873 0.81030960447592959017 0.78411195976702374733 0.74558957374895173942 0.89504212068744493092 0.9241286892163478317 0.92173646385604257603 0.90312338825002747011 0.85680422738813222239
0.95675229200935207885 0.96680422464233095603 0.96733250924098101997 0.96593679507435836751 0.96203208699873421494 0.95513374264226458266 0.8991773722344856834 0.88447823334923014738 0.91636795945708526823 0.93987280393176986237 0.94846403873109652594 0.94679497703935233677 0.93090422645432679971 0.95376159569169738361 0.95485905661868564209 0.90813080221148345661 0.88366765071290098721 0.86989841359555908351 0.87833344995045226078 0.88907662912097351615 0.90089432397524982221 0.90409705100732629113 0.8889917405349611057 0.90159446933975062599 0.90581996351397875422 0.89766610034028160303 0.87649199591585635893 0.85874892598725316439 0.83303956248536659146 0.8060959692303772961 0.8098138793391146395 0.78316246500497677108 0.76278718857494043348 0.76369122232594921496 0.89200528515916255312 0.9160463331785005936 0.91850516293672612722 0.91007615736053937283 0.88546791825859105796
0.88217821195647705412 0.96652097542508608186 0.96768434555674809339 0.96820222810484524167 0.96590681571992043075 0.92726921889465052651 0.83975094644176040415 0.85116190371739042231 0.89410844254052201929 0.92750659229420107099 0.93397347423182219828 0.92324135192024514573 0.89007333626121998282 0.90370794754359851098 0.90433357161860050688 0.8704977257342783048 0.8625918990914768214 0.85008545793235112953 0.88577958164256498375 0.8976005836041091035 0.90950411607452918972 0.91530334713661121171 0.91008345401298207378 0.91458302198751895151 0.90957417716275046349 0.88406658056893083764 0.86298684300254679957 0.84722786857573795238 0.84141915432347202941 0.80981289094033026554 0.80646879416009598085 0.7683871161479443046 0.76444983298842417163 0.794704562824522176 0.82424967888974220998 0.88662094276542213755 0.90839651492694040158 0.90314667075419685638 0.88254772381529300596
0.81662533924572355826 0.89836768681444312268 0.96478714740488469293 0.96736878303638795806 0.960082540392568351 0.88262892164769379821 0.80627533612596935519 0.83923069363622304628 0.87845937948923846772 0.9034129398652032128 0.87535847705458447177 0.85936865785859295475 0.87200929007165650653 0.89656105162036126011 0.91408891911685330456 0.87692440976319185886 0.85276270456901981376 0.86125117523853789159 0.90361809924029679042 0.91253757263784995857 0.91694760977479661257 0.92309906507389305474 0.92420863163489253012 0.9232824851688979928 0.90988324705084666633 0.89477456150638701171 0.88465353454498485419 0.87126503172716884826 0.85230355307095806427 0.81838933200683205982 0.80361485869552096162 0.78728637886883212627 0.84499722415631695061 0.8620145152671315758 0.86072892718205074036 0.83891177884948353594 0.84205692714525270937 0.83748306128592842068 0.84547115564820618516
0.78366097125507661048 0.83544056270347810678 0.94527826291754324384 0.95500238831377359805 0.95535446768310394727 0.82978370558208025543 0.75749977364842790983 0.82830269498366315695 0.8631642969682308264 0.8938822885310097055 0.87853341889538005827 0.88460709004167514813 0.89634379695793220399 0.89559981792387333144 0.92340179187753212986 0.90972554676299866028 0.87617760913979436665 0.88121316077519229459 0.9088711402269036288 0.91507264587726899752 0.91339529163382038313 0.92058757552924441736 0.9241087750446175253 0.91882519497571280009 0.88981925031064945664 0.89350509929649946095 0.88507211315236589133 0.85749257806108269975 0.83805286714593896225 0.82601709483394547551 0.79891667402586097335 0.74615896447938689917 0.8025234256922891829 0.86344166763922436392 0.85876104604291436662 0.82594942556503680997 0.83003320264631641479 0.84296104355185663692 0.84143045322228215976
0.78366610277042514365 0.83977708459474531555 0.90000405810864103628 0.89149329555613954224 0.95109390472436849961 0.87450814983795022162 0.79697236799544723951 0.8337002958985026968 0.86355228611057699428 0.88957340520530414629 0.89700611706612121132 0.90025332692640169796 0.90525118250109826157 0.90252888747848536433 0.91203407971285344047 0.922458352758328326 0.89829448042171500255 0.89178026446119695869 0.90343989839698146671 0.91026698573507447421 0.90744535759395261731 0.91159180315999854827 0.91526734577007695659 0.89517654142271374518 0.89091295393345804055 0.90086739676738802896 0.89347775554752317806 0.86687692564524509997 0.86059470097801404886 0.8416628817763994741 0.82034213535022348918 0.77147522392613998576 0.73457232423382845532 0.764932931167738972 0.80680981459874734352 0.81436492085450318257 0.8250706870809805249 0.83884266439704147089 0.82980010528244108059
