data/rofental/svf_rofental_50.asc
ncols        320
nrows        300
xllcorner    630800.000000000000
yllcorner    5180500.000000000000
cellsize     50.000000000000
[rows 153 to 169 of 300, columns 195 to 233 of 320]
0.83350550526283040398 0.83266084981435162238 0.84378058169939196276 0.83732168938112694345 0.83123633706071931027 0.82753530031067268347 0.8310361575838817183 0.84099311939750220901 0.85059052682876667983 0.84914616874245008038 0.84933967451154113171 0.83761902470937199539 0.80458566252481467096 0.80100343696518405689 0.80963941063700073375 0.83314746752710322486 0.83965440375768451986 0.81055297841521012359 0.78183339057217482448 0.80208578537441388434 0.80012497478433108888 0.80426369183307877542 0.7780425201409797431 0.8066885783087553996 0.85021023794197292389 0.84469388681130264107 0.85893574736399247449 0.85292063502591242141 0.85617075279627685713 0.84723161047296990933 0.83138318399812904946 0.82505661191494650275 0.8242224325305401722 0.81683242575587866607 0.82152947503535955764 0.85396511451349521593 0.98620233727495332232 0.98864630585904167415 0.95187113285037505683
0.83993806366924650408 0.83284630215368982142 0.8352075501858842177 0.82113224908631154975 0.81808045290266206973 0.83217152897421364788 0.84691630461493816462 0.83497677418690252615 0.83963024791216922527 0.84599232308647087653 0.83833487245854898529 0.81438354146028435476 0.80608543647778085894 0.81095943018257632406 0.82406166892044074856 0.83655615065821364862 0.8439203390030454166 0.84616992197096996264 0.84523384624680575339 0.84324117063088621649 0.83375651463334943259 0.8222760105569899558 0.82729102821404132406 0.81972358549093116142 0.82374493939798942854 0.83949505296254400832 0.84999328262450835059 0.84409616139791998624 0.83912136175158635876 0.83279733654611542981 0.8214468687578749817 0.83521571788304760364 0.83104312614646014268 0.81659269572994963582 0.81322025702899258803 0.879845088984281265 0.98746025790005909073 0.9755270512742146849 0.94123404231674889786
0.83168333061395238737 0.81995722222436573379 0.82367561712673342811 0.82436650037934777746 0.82849241805580109421 0.85339962790224721534 0.85222052199184072929 0.8246498319052021353 0.83885996774203885895 0.85175219732889406732 0.85207992870876503311 0.83274128058013918707 0.82889461226405336536 0.83520122542159225265 0.85107955604080942624 0.85494046966652570418 0.86588472619125533836 0.88211175035850253323 0.88566440780659361209 0.87383549573656604803 0.86435710955769318176 0.85099702762287554592 0.87301256507795654827 0.87384841282281611186 0.86323864247969106511 0.85524790909013936879 0.85277761576679633748 0.86753683390147284804 0.87358913810686944501 0.86024846210665373292 0.8520241336974669899 0.87561964811745596204 0.88103281336483540986 0.84519314991880689636 0.88117811721744110365 0.97804755232664797315 0.99333670910368765394 0.95382487372554558558 0.93716911143235170911
0.82057129966089703554 0.80659506720077889241 0.82365807634935750414 0.82680655638884392733 0.8378304495308648292 0.85226230903309563303 0.85913720995429376792 0.82758455427515087433 0.83045197604288678583 0.82019522409557532594 0.84783909143684710319 0.84066125900935773085 0.84320208772777582862 0.84874823980119862288 0.86664710855274351697 0.87376721986616756599 0.8947097821182430355 0.904125575549725502 0.89655808958033644807 0.8842406372630624567 0.87492918229830629606 0.86169521634069456972 0.86579092338555863062 0.87757283198660829271 0.87318092903163158081 0.86082234394683532219 0.8592476784213014529 0.83990678817978048354 0.82971389242137572051 0.82584326458594015108 0.80868395882293775401 0.83166144925820995049 0.88687144899984604596 0.89634033061145756971 0.8688335323290642398 0.99368969684976860002 0.9927043127669473721 0.94770133488029428825 0.9273785898109845327
0.82249295774792308134 0.82679023670082463227 0.83588525069887387176 0.83899163812001487095 0.84690615355916776252 0.859475459964278099 0.86811704533853306653 0.86201555074974034465 0.85305151731628781064 0.81118280478855186999 0.77979769544831101236 0.80112841083574715118 0.84934648509030408192 0.86302534358094618039 0.87923276107859704709 0.89737827620552701458 0.90475540007323074221 0.90667413314640143973 0.90188597785484558855 0.89759871297766169462 0.89328208689476384929 0.88584459691366057577 0.87496876604005580091 0.87592953544502760721 0.86373943157780763702 0.86752955974796053251 0.87344157427416835304 0.87037503332080790042 0.85097846593821335759 0.82777158098517800155 0.81391549734980495057 0.81234860335962233435 0.83901956095750185316 0.8448670803726665568 0.8572378705835469459 0.98080289255533337212 0.98799237606195744466 0.97706443754941163515 0.91411023683625203251
0.83283987303631334953 0.84508810427858460645 0.84979197857988597598 0.84715153697432510338 0.83338735892694393304 0.85102655913720282044 0.86765455339915775745 0.86185493039334548637 0.85298828001425730516 0.82840296957161996261 0.78002310436867217103 0.77677938449102601481 0.8040291717567735752 0.81697731699056364008 0.84067032317886114523 0.87772553610850712058 0.88345853552326780722 0.88722214598742465963 0.88981716868284721489 0.89305969387534189785 0.90153385003288932786 0.8984893590222724491 0.88863063279093901237 0.87776658165263932165 0.88284200657819755786 0.90136217642545701789 0.89862753229693659307 0.88926670652061445832 0.87297040432863404202 0.84753078812856208479 0.83321022510703268704 0.85897813283950352758 0.88442392069412756328 0.89023423842966431518 0.93187691381285253645 0.98027913526385768161 0.98637540138768087239 0.980001594499510853 0.91422731161841375158
0.84799453404699087766 0.8505515094719257041 0.84793037416247152294 0.84333590174870398659 0.84137443104239706404 0.83704959918379839845 0.84683538270572500384 0.84775915907454379994 0.85621133549472627777 0.86317287749819293641 0.81989237733426478805 0.76770204538047404075 0.78222313257007747289 0.83371983382357905956 0.83576607025311377974 0.8163472842721261058 0.80964631621863836219 0.79773705004408301811 0.79247567178214672889 0.79006461495681623575 0.82918375225138096773 0.86169937460362810988 0.88387124027627650413 0.89823644177387584886 0.9120930019370914188 0.90338158391381995216 0.89274699871398988105 0.88575908554639992687 0.87376142982042559471 0.84962587313055604188 0.8593364032084095383 0.87378176121079165206 0.86894254534356007991 0.88348464542853444303 0.89018693844335006204 0.90453025559639554931 0.97852817591664886798 0.99329120623988054195 0.91997456011651612684
0.85152501813372571959 0.84445545825141499208 0.83624182511010447527 0.84291238172919213945 0.85140008894552399177 0.85317846806252894964 0.82816821656507977334 0.83219805603171304043 0.85714138991983457316 0.87497317430591914356 0.85173786471246282215 0.7869785203315904365 0.78586131990025176464 0.82185892123158488243 0.86122049222712471206 0.85625542564744883123 0.83994182889638935308 0.82606433682835134213 0.82140361101163139601 0.80349473846977548241 0.78984596237745652303 0.80879992846157944264 0.83782658701276579993 0.88287647566034843649 0.9103491667299142831 0.90022471110898039104 0.89021790967416458695 0.88166912082589476984 0.86773465774073166301 0.87174154528004299536 0.89651219584340580138 0.89896069301655912032 0.87216661836551212517 0.82596219240489376912 0.79935032948924611418 0.81122319307477896988 0.8841043458781383535 0.99263723355392974312 0.94824214235539427964
0.84888823261927193187 0.83486856469309911333 0.83905198753322651761 0.85638873246989555277 0.85752745264780882994 0.8497481180777551879 0.84217746904101542516 0.80879473841684546009 0.83739750067765372776 0.86426105252938378865 0.85227854333467112369 0.79258098480040539702 0.77663010033027957135 0.74637270829448942866 0.78559941392669940807 0.84809046315710201469 0.86759522527140553461 0.86564603765272574165 0.86087295754403458936 0.84157581861135344337 0.8453418426033123545 0.84067422695986726566 0.81345103588764722247 0.82853678648676931662 0.86784570327335064377 0.88895818525906422636 0.89229364725310689188 0.89171001143577655057 0.87387785420424590743 0.86595867313670649157 0.86928390350571349554 0.84626668129723192635 0.82742603625305499726 0.80816488704030153833 0.79094334720824865936 0.79369463719577404426 0.83375333387111494332 0.98962396155451415325 0.98480425791014980508
0.83819594210819770019 0.8297078285420451671 0.84786312039874900393 0.85522320901973247764 0.84519772396392955915 0.84605871869553705977 0.84897250429393578131 0.82212405666378840507 0.82269532790364052754 0.85304811596663110418 0.86989770037895652877 0.8021156336371346729 0.78476046740590776896 0.78162952555155218448 0.75841559812532166607 0.79223424352220073175 0.84048007686987613596 0.87524075665607492525 0.88957988623137140838 0.88767443837650261695 0.8795509664062995947 0.87809074356615413048 0.85384503643625253577 0.84251979589591086128 0.84710910346203449617 0.87447477493660552561 0.88705578044412669581 0.89019274096414113817 0.87756924671943581373 0.87568395971856971549 0.87826829939366213296 0.85869059611867537551 0.83460393857573178522 0.81224653015718850657 0.79314605446447927761 0.78548830021470816831 0.8003209163362722256 0.96171932931914028142 0.98648131654927695422
0.83400594854001797174 0.84455626059676935924 0.85658775878453008445 0.8463247901888107938 0.82895121661695270188 0.85032778422696475573 0.86686082325919311398 0.8501154564954932491 0.83978647892067170844 0.8467841875461544765 0.88450592199905841984 0.84175556600562428944 0.78908340883269256771 0.79033281383334041958 0.81164954391652566201 0.77763868191352858439 0.80798524891409284621 0.8366114616276916216 0.85274490254026069636 0.87157018638023409096 0.88037307609677328823 0.8949347803804792445 0.88351309179923542825 0.88347657466967477458 0.88565719960956934553 0.89789301181719194389 0.90727560809510654494 0.90400627752826734351 0.89459687342124760701 0.89257843464608177531 0.88592639048048738015 0.8667863181768640235 0.84131577728923645498 0.82442516510483998537 0.81537504067150523568 0.82259363735772417225 0.81095023907740815261 0.85694996526821287652 0.97194422391995494159
0.85834217441916338398 0.85780120780056046126 0.847139657305382765 0.83337278894298560949 0.8264313571554570137 0.86390130516736773902 0.86388020545543586781 0.84560462948473880118 0.85975149592777500018 0.85930258405071668903 0.87762050485322196103 0.87261824712431645956 0.80389636976503864307 0.77900927193435831608 0.81638979292795654796 0.80618781018072693811 0.7542817153023642085 0.78554542987125541842 0.83495716498505434533 0.85217973574887351251 0.84685577144823520612 0.85160866487301101202 0.87680334383885472072 0.89607599112798808072 0.90458766817016056372 0.91640707764616002873 0.91450953192947515014 0.90831759285825042216 0.89684901437374209276 0.88868523148108291565 0.87680555850929264849 0.85954001234874832793 0.83840938156107125412 0.81810106935982251919 0.81088912090192766247 0.8231154392056807545 0.85747775489145106054 0.86064840080462012839 0.9356065666509945089
0.87116920604093384117 0.85861689124370110804 0.84944377259229419952 0.85008518559308132723 0.86374051952406738497 0.86680600288067832793 0.85259884527035656454 0.84862275972389122902 0.87881960588779273191 0.89266997996329189302 0.88394897580821862881 0.88341102617492228699 0.84228997626130241994 0.81625905135386378486 0.82406851148351001335 0.82172703340223440804 0.78403768429716491628 0.78162155685657497273 0.81950807715118645369 0.85320680587513086923 0.85073598297987529371 0.83070904332853201524 0.90188500713202879311 0.92785203382861203281 0.92485461094156617978 0.91926044037491172478 0.91334550800374381119 0.91134542659230943773 0.89839682211646865184 0.87896114106849720926 0.86085147223716484977 0.84355982872977308684 0.84018429179046050237 0.81959138045161838981 0.80268088982026197797 0.79677471334512084411 0.7953016913171836455 0.82547192124643231637 0.90095564617475454305
0.87673599492475373651 0.86174203262543058734 0.86030017847224449223 0.86550130232099864447 0.87463168876770369664 0.86271356040536106846 0.85866112549707351853 0.86369244064992023446 0.89707288866313872333 0.90590461366675589794 0.90127042467723816888 0.90175598539935264419 0.89774141986214694988 0.89025750747499954318 0.88168079680821687116 0.85991991975246351299 0.81939972566375451901 0.79587110568949370748 0.79807430737797502296 0.79921434994378393046 0.81119444000925633453 0.83213342329924488983 0.90913477429394129459 0.92842759222627380122 0.92783493268817851529 0.9223349225831213305 0.91850398536889366063 0.9133225918563651069 0.89852306999486186712 0.88748357065858674009 0.88078925831161092308 0.86767548187149601269 0.86629251574132881686 0.86390217670576474607 0.87150338476557853706 0.86492340501637832162 0.87889400108331872108 0.90104586058047553276 0.9495507996475129886
0.8731374887870868573 0.86161718214404670046 0.86150392657506624783 0.87201220795846368095 0.8702358968638639336 0.86660976227153652118 0.89343274949001338925 0.89257729819535980287 0.91604115384785111953 0.92281248761035095107 0.91927857098549503601 0.91538828409111927531 0.90236287948628179922 0.90588901398202947846 0.89912962332573875823 0.88786463257988912368 0.88056968616346031897 0.82950747484138487309 0.8288725750349680288 0.82727709955137995745 0.8602486054930268411 0.89957606592779570942 0.91383622028812228066 0.91436065157211310339 0.91992538121160594144 0.91919434736074479009 0.91593351942452350123 0.91252640707264431885 0.90238385888168559656 0.88289205625623679019 0.86798982324080209416 0.86059004688747486878 0.86078153209089258713 0.84694494873692549586 0.8562937731867801272 0.87642725366145812771 0.88119285467849328697 0.90468588424665419279 0.97694884218040956014
0.88223391118855798432 0.86878276355894956673 0.86877405438268651139 0.87094669557209847266 0.86705235273104175331 0.88866616452932156722 0.91357522401070789808 0.9214270797047174888 0.92921307056151525305 0.92497608183523616354 0.91521673562923688827 0.90973067348105141061 0.89614233302288093252 0.9023308996684955563 0.90353479165936356754 0.89533423844853865514 0.90316563494230295284 0.86795336753500074156 0.82367498670449568188 0.85979394834809097503 0.85621557658690006232 0.88104541178539896862 0.89468650859330045577 0.91255013208472368635 0.91108280058888446717 0.92062793997777148114 0.91253158947661439093 0.89899326911850940824 0.9042956492345598507 0.88330106526017693191 0.83995248176703052323 0.84117464638860950377 0.84779113350946877503 0.87121595664547113458 0.84895837842981691779 0.83846730426769278122 0.83115896938037681085 0.8958573887107399436 0.98775689224577334357
0.88468280319813441537 0.87289258599307606445 0.87786916795043223871 0.87246168302814008921 0.87944233268802607384 0.91621006801254134544 0.93547716955410564754 0.93169592745569262959 0.92630613018302376815 0.91611221930748820697 0.90707676649444601846 0.91766994555619141316 0.92060753522235616586 0.91403757713531164075 0.92555749262117126275 0.92861302516856047973 0.92178421283697531408 0.90786945762472393007 0.87110740380577200703 0.86359237183730563903 0.87996273050559836726 0.89660703415957287987 0.91257297280814952956 0.92437179323558127386 0.91449542639856273851 0.91916656274177255259 0.91787466819178276101 0.90933471995585024583 0.91050309981264532233 0.90348021179142490311 0.87065118043893441335 0.8763899126822360941 0.87926426280439984318 0.89004094285478907445 0.92155779339013199625 0.92348271321144337342 0.93831956880556022238 0.96067739469823210108 0.98527440899619711523
